6076.095197 4.107162
6076.103870 6.299564
6076.112542 5.788516
6076.121215 3.337511
6076.129888 1.623033
6076.138560 0.895164
6076.147233 0.593426
6076.164578 0.385524
6076.173251 0.373146
6076.181924 0.432064
6076.190597 0.583342
6076.199269 0.737059
6076.207942 0.718076
6076.216615 0.558878
6076.225287 0.416016
6076.242633 0.265623
6076.251306 0.253668
6076.259978 0.273170
6076.268651 0.301780
6076.277323 0.308046
6076.285996 0.314783
6076.294669 0.345658
6076.303342 0.401233
6076.312014 0.504685
6076.346705 0.369064
6076.355378 0.332517
6076.364050 0.308426
6076.372723 0.322330
6076.381396 0.358630
6076.390068 0.393810
6076.398741 0.392493
6076.407414 0.347409
6076.416086 0.312529
6076.424759 0.307727
6076.433432 0.326813
6076.442105 0.381089
6076.450777 0.515913
6076.459450 0.734940
6076.468123 0.837593
6076.476795 0.750109
6076.485468 0.658127
6076.494141 0.556384
6076.502814 0.455779
6076.511486 0.408374
6076.520159 0.397823
6076.528832 0.404096
6076.537504 0.423731
6076.546177 0.467161
6076.554850 0.541089
6076.563522 0.590665
6076.572195 0.571413
6076.580868 0.547629
6076.589541 0.547281
6076.598213 0.549783
6076.606886 0.557567
6076.615559 0.575463
6076.624231 0.600310
6076.632904 0.629746
6076.641577 0.663262
6076.650249 0.701296
6076.658922 0.745263
6076.676267 0.873328
6076.684940 0.995762
6076.686332 1.021370
6076.689250 1.078805
6076.692126 1.136552
6076.693613 1.164839
6076.695004 1.189237
6076.697923 1.230887
6076.700799 1.256132
6076.703677 1.265711
6076.706596 1.263852
6076.709472 1.257678
6076.712350 1.254276
6076.715268 1.258735
6076.718144 1.272737
6076.721023 1.295097
6076.723941 1.322959
6076.726817 1.351662
6076.729695 1.378604
6076.732614 1.402885
6076.735490 1.424547
6076.738368 1.445889
6076.741286 1.469188
6076.744163 1.494966
6076.747041 1.523730
6076.749959 1.555545
6076.752835 1.589141
6076.755713 1.624976
6076.758632 1.663942
6076.761508 1.705383
6076.764386 1.750222
6076.767304 1.799263
6076.770181 1.851149
6076.773059 1.906604
6076.775977 1.966640
6076.778853 2.029929
6076.781732 2.097899
6076.784650 2.172191
6076.787526 2.251592
6076.790404 2.338262
6076.793323 2.434841
6076.799077 2.655323
6076.801995 2.782662
6076.807750 3.053320
6076.810668 3.192032
6076.813544 3.325239
6076.816422 3.455012
6076.819341 3.586442
6076.822217 3.721424
6076.825095 3.868056
6076.828013 4.033650
6076.830890 4.216951
6076.833768 4.422177
6076.836686 4.653922
6076.839562 4.907021
6076.842441 5.186796
6076.845359 5.499938
6076.848235 5.841090
6076.851114 6.219158
6076.854032 6.644999
6076.856908 7.113129
6076.859786 7.637467
6076.862705 8.236105
6076.865581 8.903564
6076.868459 9.663227
6076.871236 10.500287
6076.874254 11.550389
6076.877132 12.718549
6076.880050 14.109472
6076.882926 15.735569
6076.885805 17.685959
6076.888723 20.087794
6076.891599 23.003799
6076.894478 26.649321
6076.897396 31.347121
6076.900272 37.330029
6076.903150 45.170767
6076.906069 55.727715
6076.908945 69.584578
6076.911823 87.856009
6076.914741 111.631050
6076.917618 140.131663
6076.920496 171.981843
6076.923414 204.116015
6076.926291 231.209280
6076.929169 250.220115
6076.932087 260.120308
6076.934963 262.532281
6076.937842 261.866702
6076.940760 262.851622
6076.943636 267.905239
6076.946515 275.040089
6076.949433 278.263165
6076.952309 270.977791
6076.955188 250.686590
6076.958105 219.756262
6076.960982 185.011584
6076.963860 151.659301
6076.966778 122.710684
6076.969655 100.057650
6076.972533 82.889362
6076.975451 70.113481
6076.981206 54.635851
6076.984124 50.196761
6076.987000 47.433909
6076.989879 46.029585
6076.992797 45.903023
6076.995673 47.097452
6076.998552 49.767706
6077.001470 54.259726
6077.004346 60.822594
6077.007224 69.972405
6077.010142 82.409849
6077.013019 98.251176
6077.015897 117.814457
6077.018815 140.882899
6077.021692 165.152681
6077.024570 188.279816
6077.027488 207.808276
6077.030365 222.016484
6077.033243 232.252052
6077.036053 240.463176
6077.039037 248.662175
6077.041916 255.744609
6077.044834 261.099785
6077.047710 264.696460
6077.050589 268.138404
6077.056383 276.305358
6077.059262 274.637334
6077.062179 262.261386
6077.065056 237.887365
6077.067934 204.649296
6077.073729 133.935516
6077.076607 105.147696
6077.079525 82.037990
6077.082401 64.707784
6077.085280 51.731288
6077.088197 41.952009
6077.091074 34.728075
6077.093953 29.229825
6077.096870 24.929892
6077.099747 21.599755
6077.102626 18.935631
6077.105543 16.748868
6077.108420 14.978817
6077.111299 13.506164
6077.114216 12.252567
6077.117093 11.199739
6077.119971 10.287491
6077.122889 9.472974
6077.125765 8.754784
6077.128644 8.104509
6077.131562 7.506914
6077.134438 6.974237
6077.137317 6.494116
6077.140234 6.058344
6077.143111 5.673942
6077.145990 5.329118
6077.148907 5.014952
6077.151784 4.734920
6077.154662 4.480286
6077.157580 4.244654
6077.160456 4.031805
6077.163335 3.835706
6077.166252 3.652376
6077.169129 3.485065
6077.172008 3.329677
6077.174925 3.183295
6077.177802 3.048774
6077.180681 2.923044
6077.183598 2.803898
6077.186475 2.693800
6077.192271 2.491868
6077.195149 2.400398
6077.198026 2.314180
6077.200943 2.231677
6077.203821 2.154758
6077.206699 2.081959
6077.209616 2.012073
6077.212494 1.946693
6077.215372 1.884614
6077.218289 1.824832
6077.221167 1.768737
6077.224044 1.715340
6077.226961 1.663759
6077.229840 1.615214
6077.232717 1.568904
6077.235634 1.524059
6077.238512 1.481770
6077.241390 1.441309
6077.244307 1.402058
6077.247185 1.364967
6077.250063 1.329409
6077.252979 1.294860
6077.255858 1.262130
6077.258735 1.230720
6077.261652 1.200129
6077.264530 1.171123
6077.267408 1.143226
6077.270325 1.116027
6077.273203 1.090203
6077.276081 1.065336
6077.277461 1.053739
6077.278998 1.041064
6077.281876 1.017995
6077.284753 0.995768
6077.286134 0.985386
6077.294807 0.924181
6077.303479 0.869384
6077.312152 0.820508
6077.320825 0.777491
6077.329497 0.741150
6077.338170 0.715050
6077.346843 0.712615
6077.355516 0.762231
6077.364188 0.834697
6077.372861 0.796892
6077.381534 0.674792
6077.390207 0.595684
6077.398879 0.568697
6077.407552 0.589655
6077.416225 0.704566
6077.424897 0.907399
6077.433570 0.990161
6077.442243 0.905020
6077.450915 0.760502
6077.459588 0.584641
6077.468261 0.461713
6077.476933 0.403748
6077.485606 0.381991
6077.494279 0.379664
6077.502952 0.367032
6077.511624 0.323684
6077.520297 0.287872
6077.528970 0.281126
6077.537642 0.283280
6077.546315 0.292854
6077.554988 0.312190
6077.563661 0.312775
6077.572333 0.281188
6077.581006 0.249620
6077.589679 0.231661
6077.598351 0.221022
6077.607024 0.213320
6077.615697 0.207202
6077.624369 0.202463
6077.633042 0.199713
6077.641715 0.201335
6077.650388 0.213330
6077.659060 0.236858
6077.667733 0.245006
6077.676406 0.219282
6077.685078 0.189222
6077.702424 0.163683
6077.711096 0.158153
6077.719769 0.154096
6077.728442 0.151000
6077.737115 0.148794
6077.745787 0.147716
6077.754460 0.148494
6077.763133 0.153183
6077.771805 0.168242
6077.780478 0.210007
6077.789151 0.281516
6077.806496 0.256513
6077.815169 0.204421
6077.823842 0.198893
6077.832514 0.216599
6077.841187 0.247267
6077.849860 0.318938
6077.858532 0.368717
6077.867205 0.300318
6077.875878 0.201879
