6076.095197 3.212042
6076.103870 3.574241
6076.112542 3.307823
6076.121215 2.629790
6076.129888 1.948414
6076.138560 1.453830
6076.147233 1.138874
6076.164578 0.841795
6076.173251 0.795100
6076.181924 0.793137
6076.190597 0.812814
6076.199269 0.818923
6076.207942 0.787416
6076.216615 0.727055
6076.225287 0.662377
6076.242633 0.577542
6076.251306 0.563951
6076.259978 0.564505
6076.268651 0.572108
6076.277323 0.583075
6076.285996 0.599782
6076.294669 0.625992
6076.303342 0.663623
6076.312014 0.704745
6076.346705 0.665746
6076.355378 0.654569
6076.364050 0.655121
6076.372723 0.667081
6076.381396 0.684842
6076.390068 0.700059
6076.398741 0.707340
6076.407414 0.710424
6076.416086 0.719415
6076.424759 0.742412
6076.433432 0.784845
6076.442105 0.851716
6076.450777 0.940173
6076.459450 1.023708
6076.468123 1.064819
6076.476795 1.059652
6076.485468 1.031833
6076.494141 0.998688
6076.502814 0.973540
6076.511486 0.965535
6076.520159 0.975152
6076.528832 0.999541
6076.537504 1.037169
6076.546177 1.087024
6076.554850 1.142826
6076.563522 1.191234
6076.572195 1.226353
6076.580868 1.257390
6076.589541 1.293391
6076.598213 1.336640
6076.606886 1.387841
6076.615559 1.447519
6076.624231 1.515671
6076.632904 1.592368
6076.641577 1.678186
6076.650249 1.774448
6076.658922 1.883551
6076.676267 2.156129
6076.684940 2.323978
6076.686332 2.352158
6076.689250 2.411476
6076.692126 2.469548
6076.693613 2.499168
6076.695004 2.526535
6076.697923 2.582748
6076.700799 2.636578
6076.703677 2.689359
6076.706596 2.742602
6076.709472 2.795742
6076.712350 2.850508
6076.715268 2.908372
6076.718144 2.968120
6076.721023 3.030781
6076.723941 3.097179
6076.726817 3.165386
6076.729695 3.236361
6076.732614 3.311212
6076.735490 3.387987
6076.738368 3.468111
6076.741286 3.553054
6076.744163 3.640797
6076.747041 3.732864
6076.749959 3.830918
6076.752835 3.932520
6076.755713 4.039456
6076.758632 4.153652
6076.761508 4.272193
6076.764386 4.397202
6076.767304 4.530903
6076.770181 4.670044
6076.773059 4.817007
6076.775977 4.974524
6076.778853 5.138782
6076.781732 5.312854
6076.784650 5.499887
6076.787526 5.695474
6076.790404 5.903195
6076.793323 6.126964
6076.799077 6.609631
6076.801995 6.876748
6076.807750 7.450350
6076.810668 7.766343
6076.813544 8.095892
6076.816422 8.445508
6076.819341 8.822921
6076.822217 9.220357
6076.825095 9.647063
6076.828013 10.113327
6076.830890 10.610436
6076.833768 11.149372
6076.836686 11.743304
6076.839562 12.380896
6076.842441 13.077107
6076.845359 13.848972
6076.848235 14.682983
6076.851114 15.599972
6076.854032 16.624264
6076.856908 17.740034
6076.859786 18.977034
6076.862705 20.372691
6076.865581 21.907599
6076.868459 23.626985
6076.871236 25.487213
6076.874254 27.769684
6076.877132 30.241827
6076.880050 33.094266
6076.882926 36.305816
6076.885805 39.988399
6076.888723 44.281883
6076.891599 49.161059
6076.894478 54.794898
6076.897396 61.386066
6076.900272 68.863015
6076.903150 77.414203
6076.906069 87.230891
6076.908945 97.998131
6076.911823 109.706219
6076.914741 122.211460
6076.917618 134.693310
6076.920496 146.752512
6076.923414 157.940049
6076.926291 167.453638
6076.929169 175.176558
6076.932087 181.145808
6076.934963 185.395454
6076.937842 188.307344
6076.940760 190.045898
6076.943636 190.438981
6076.946515 189.137847
6076.949433 185.646131
6076.952309 179.845146
6076.955188 171.859423
6076.958105 162.093924
6076.960982 151.560956
6076.963860 140.882928
6076.966778 130.546559
6076.969655 121.272994
6076.972533 113.158719
6076.975451 106.232955
6076.981206 96.454403
6076.984124 93.392955
6076.987000 91.569469
6076.989879 90.907858
6076.992797 91.428555
6076.995673 93.151297
6076.998552 96.147298
6077.001470 100.570403
6077.004346 106.360546
6077.007224 113.560509
6077.010142 122.150101
6077.013019 131.621317
6077.015897 141.753550
6077.018815 152.339213
6077.021692 162.730790
6077.024570 172.707659
6077.027488 181.984237
6077.030365 189.905185
6077.033243 196.284868
6077.036053 200.821616
6077.039037 203.726177
6077.041916 204.708784
6077.044834 204.021979
6077.047710 201.833594
6077.050589 198.190999
6077.056383 185.918534
6077.059262 176.969062
6077.062179 165.948780
6077.065056 153.497788
6077.067934 140.064068
6077.073729 112.798489
6077.076607 100.269150
6077.079525 88.707641
6077.082401 78.558245
6077.085280 69.635393
6077.088197 61.778865
6077.091074 55.081990
6077.093953 49.298350
6077.096870 44.246619
6077.099747 39.944808
6077.102626 36.214487
6077.105543 32.931095
6077.108420 30.106448
6077.111299 27.627799
6077.114216 25.417193
6077.117093 23.488663
6077.119971 21.772531
6077.122889 20.218692
6077.125765 18.845035
6077.128644 17.605882
6077.131562 16.471037
6077.134438 15.457314
6077.137317 14.534570
6077.140234 13.682964
6077.143111 12.916117
6077.145990 12.213505
6077.148907 11.560620
6077.151784 10.968706
6077.154662 10.422878
6077.157580 9.911888
6077.160456 9.445843
6077.163335 9.013006
6077.166252 8.605526
6077.169129 8.231381
6077.172008 7.882027
6077.174925 7.551324
6077.177802 7.246081
6077.180681 6.959644
6077.183598 6.687207
6077.186475 6.434601
6077.192271 5.969171
6077.195149 5.757449
6077.198026 5.557373
6077.200943 5.365459
6077.203821 5.186131
6077.206699 5.016049
6077.209616 4.852444
6077.212494 4.699100
6077.215372 4.553238
6077.218289 4.412534
6077.221167 4.280297
6077.224044 4.154228
6077.226961 4.032269
6077.229840 3.917333
6077.232717 3.807543
6077.235634 3.701093
6077.238512 3.600590
6077.241390 3.504322
6077.244307 3.410830
6077.247185 3.322391
6077.250063 3.237523
6077.252979 3.154984
6077.255858 3.076718
6077.258735 3.001543
6077.261652 2.928266
6077.264530 2.858727
6077.267408 2.791795
6077.270325 2.726489
6077.273203 2.664437
6077.276081 2.604641
6077.277461 2.576740
6077.278998 2.546235
6077.281876 2.490685
6077.284753 2.437128
6077.286134 2.412097
6077.294807 2.264361
6077.303479 2.131766
6077.312152 2.013041
6077.320825 1.907624
6077.329497 1.815951
6077.338170 1.739981
6077.346843 1.682972
6077.355516 1.643807
6077.364188 1.605599
6077.372861 1.545064
6077.381534 1.467333
6077.390207 1.400800
6077.398879 1.364922
6077.407552 1.365495
6077.416225 1.389718
6077.424897 1.396346
6077.433570 1.353095
6077.442243 1.272204
6077.450915 1.176065
6077.459588 1.079583
6077.468261 0.996397
6077.476933 0.932082
6077.485606 0.883346
6077.494279 0.842725
6077.502952 0.802515
6077.511624 0.761274
6077.520297 0.725875
6077.528970 0.701303
6077.537642 0.684843
6077.546315 0.671989
6077.554988 0.657955
6077.563661 0.637872
6077.572333 0.612163
6077.581006 0.586014
6077.589679 0.562958
6077.598351 0.543380
6077.607024 0.526619
6077.615697 0.512206
6077.624369 0.500091
6077.633042 0.490612
6077.641715 0.484233
6077.650388 0.480378
6077.659060 0.475637
6077.667733 0.465206
6077.676406 0.448630
6077.685078 0.430417
6077.702424 0.401162
6077.711096 0.390419
6077.719769 0.381579
6077.728442 0.374429
6077.737115 0.369067
6077.745787 0.365961
6077.754460 0.366103
6077.763133 0.371221
6077.771805 0.383370
6077.780478 0.401839
6077.789151 0.417725
6077.806496 0.404309
6077.815169 0.390170
6077.823842 0.385906
6077.832514 0.392521
6077.841187 0.407583
6077.849860 0.421777
6077.858532 0.416902
6077.867205 0.387384
6077.875878 0.350238
