6076.095197 3.987135
6076.103870 8.222548
6076.112542 7.782450
6076.121215 3.472493
6076.129888 1.151359
6076.138560 0.513689
6076.147233 0.318056
6076.164578 0.198249
6076.173251 0.194287
6076.181924 0.257938
6076.190597 0.475368
6076.199269 0.769987
6076.207942 0.775226
6076.216615 0.509198
6076.225287 0.321888
6076.242633 0.143608
6076.251306 0.133989
6076.259978 0.165852
6076.268651 0.219877
6076.277323 0.219490
6076.285996 0.208807
6076.294669 0.247990
6076.303342 0.301460
6076.312014 0.454877
6076.346705 0.281997
6076.355378 0.227942
6076.364050 0.178397
6076.372723 0.195594
6076.381396 0.246646
6076.390068 0.303781
6076.398741 0.313547
6076.407414 0.229790
6076.416086 0.168237
6076.424759 0.155582
6076.433432 0.163984
6076.442105 0.197648
6076.450777 0.328283
6076.459450 0.654937
6076.468123 0.843909
6076.476795 0.659259
6076.485468 0.547934
6076.494141 0.423486
6076.502814 0.269594
6076.511486 0.210834
6076.520159 0.199990
6076.528832 0.202240
6076.537504 0.213543
6076.546177 0.251239
6076.554850 0.347141
6076.563522 0.417325
6076.572195 0.359326
6076.580868 0.307111
6076.589541 0.304059
6076.598213 0.291611
6076.606886 0.281951
6076.615559 0.287041
6076.624231 0.298734
6076.632904 0.313182
6076.641577 0.329738
6076.650249 0.348564
6076.658922 0.370370
6076.676267 0.438398
6076.684940 0.536284
6076.686332 0.562663
6076.689250 0.628582
6076.692126 0.702825
6076.693613 0.741283
6076.695004 0.774941
6076.697923 0.830405
6076.700799 0.854969
6076.703677 0.846033
6076.706596 0.810504
6076.709472 0.764783
6076.712350 0.724497
6076.715268 0.700659
6076.718144 0.697858
6076.721023 0.712829
6076.723941 0.738504
6076.726817 0.764718
6076.729695 0.783913
6076.732614 0.792589
6076.735490 0.792379
6076.738368 0.788906
6076.741286 0.787731
6076.744163 0.791770
6076.747041 0.800565
6076.749959 0.812070
6076.752835 0.823979
6076.755713 0.835972
6076.758632 0.849124
6076.761508 0.864364
6076.764386 0.882670
6076.767304 0.904300
6076.770181 0.928076
6076.773059 0.953755
6076.775977 0.981582
6076.778853 1.011075
6076.781732 1.043215
6076.784650 1.079159
6076.787526 1.118762
6076.790404 1.163807
6076.793323 1.216990
6076.799077 1.353744
6076.801995 1.441940
6076.807750 1.634881
6076.810668 1.723695
6076.813544 1.793699
6076.816422 1.844743
6076.819341 1.883273
6076.822217 1.918936
6076.825095 1.962799
6076.828013 2.022485
6076.830890 2.098697
6076.833768 2.191658
6076.836686 2.301512
6076.839562 2.424106
6076.842441 2.560900
6076.845359 2.714630
6076.848235 2.882416
6076.851114 3.068549
6076.854032 3.278372
6076.856908 3.509224
6076.859786 3.768047
6076.862705 4.063915
6076.865581 4.394322
6076.868459 4.771146
6076.871236 5.187455
6076.874254 5.711588
6076.877132 6.297467
6076.880050 6.999567
6076.882926 7.827573
6076.885805 8.832640
6076.888723 10.091266
6076.891599 11.655681
6076.894478 13.676974
6076.897396 16.405986
6076.900272 20.111838
6076.903150 25.399188
6076.906069 33.333039
6076.908945 45.164655
6076.911823 63.078270
6076.914741 89.886276
6076.917618 126.476609
6076.920496 172.194570
6076.923414 222.586605
6076.926291 267.420343
6076.929169 298.485046
6076.932087 311.176366
6076.934963 307.591405
6076.937842 296.943455
6076.940760 290.842616
6076.943636 297.635370
6076.946515 315.863585
6076.949433 333.766175
6076.952309 334.647934
6076.955188 309.637441
6076.958105 261.806366
6076.960982 205.267948
6076.963860 152.095419
6076.966778 108.926278
6076.969655 78.394214
6076.972533 57.936197
6076.975451 44.605035
6076.981206 30.952777
6076.984124 27.548443
6076.987000 25.530155
6076.989879 24.527105
6076.992797 24.430743
6076.995673 25.264449
6076.998552 27.166613
6077.001470 30.492590
6077.004346 35.704669
6077.007224 43.773498
6077.010142 56.264337
6077.013019 74.447136
6077.015897 99.675893
6077.018815 132.100140
6077.021692 167.670104
6077.024570 200.758146
6077.027488 225.035415
6077.030365 237.230909
6077.033243 241.663145
6077.036053 245.548111
6077.039037 254.370331
6077.041916 266.686985
6077.044834 278.461213
6077.047710 286.865086
6077.050589 294.785917
6077.056383 324.035653
6077.059262 336.628014
6077.062179 331.693320
6077.065056 301.870737
6077.067934 251.834903
6077.073729 140.501038
6077.076607 98.473107
6077.079525 68.000348
6077.082401 47.879958
6077.085280 34.768742
6077.088197 26.159343
6077.091074 20.533605
6077.093953 16.655888
6077.096870 13.846191
6077.099747 11.790097
6077.102626 10.212644
6077.105543 8.959908
6077.108420 7.975418
6077.111299 7.181394
6077.114216 6.528691
6077.117093 5.998104
6077.119971 5.545104
6077.122889 5.133068
6077.125765 4.750556
6077.128644 4.381337
6077.131562 4.023781
6077.134438 3.696935
6077.137317 3.403550
6077.140234 3.144113
6077.143111 2.923387
6077.145990 2.732200
6077.148907 2.562783
6077.151784 2.414595
6077.154662 2.281396
6077.157580 2.158995
6077.160456 2.048901
6077.163335 1.947759
6077.166252 1.853401
6077.169129 1.767430
6077.172008 1.687695
6077.174925 1.612672
6077.177802 1.543801
6077.180681 1.479492
6077.183598 1.418604
6077.186475 1.362384
6077.192271 1.259382
6077.195149 1.212771
6077.198026 1.168862
6077.200943 1.126869
6077.203821 1.087739
6077.206699 1.050723
6077.209616 1.015205
6077.212494 0.981992
6077.215372 0.950469
6077.218289 0.920124
6077.221167 0.891662
6077.224044 0.864579
6077.226961 0.838425
6077.229840 0.813819
6077.232717 0.790353
6077.235634 0.767637
6077.238512 0.746221
6077.241390 0.725736
6077.244307 0.705869
6077.247185 0.687101
6077.250063 0.669112
6077.252979 0.651638
6077.255858 0.635087
6077.258735 0.619207
6077.261652 0.603745
6077.264530 0.589086
6077.267408 0.574991
6077.270325 0.561250
6077.273203 0.548207
6077.276081 0.535649
6077.277461 0.529793
6077.278998 0.523393
6077.281876 0.511747
6077.284753 0.500528
6077.286134 0.495288
6077.294807 0.464405
6077.303479 0.436768
6077.312152 0.412134
6077.320825 0.390486
6077.329497 0.372318
6077.338170 0.360127
6077.346843 0.368677
6077.355516 0.454678
6077.364188 0.607481
6077.372861 0.568986
6077.381534 0.393306
6077.390207 0.311487
6077.398879 0.290024
6077.407552 0.299064
6077.416225 0.406819
6077.424897 0.717464
6077.433570 0.931713
6077.442243 0.842676
6077.450915 0.669661
6077.459588 0.409493
6077.468261 0.255675
6077.476933 0.208064
6077.485606 0.199830
6077.494279 0.221035
6077.502952 0.231221
6077.511624 0.175718
6077.520297 0.133253
6077.528970 0.137512
6077.537642 0.143596
6077.546315 0.157534
6077.554988 0.198198
6077.563661 0.217442
6077.572333 0.172707
6077.581006 0.132136
6077.589679 0.117223
6077.598351 0.111018
6077.607024 0.106967
6077.615697 0.103831
6077.624369 0.101433
6077.633042 0.100129
6077.641715 0.101905
6077.650388 0.116258
6077.659060 0.158636
6077.667733 0.187145
6077.676406 0.147717
6077.685078 0.104112
6077.702424 0.082333
6077.711096 0.079314
6077.719769 0.077195
6077.728442 0.075600
6077.737115 0.074467
6077.745787 0.073905
6077.754460 0.074293
6077.763133 0.076812
6077.771805 0.086653
6077.780478 0.128702
6077.789151 0.241252
6077.806496 0.214968
6077.815169 0.126731
6077.823842 0.125953
6077.832514 0.156204
6077.841187 0.177054
6077.849860 0.276972
6077.858532 0.396298
6077.867205 0.294495
6077.875878 0.139575
