6076.095197 4.104662
6076.103870 6.297109
6076.112542 5.786321
6076.121215 3.335509
6076.129888 1.621465
6076.138560 0.894077
6076.147233 0.592663
6076.164578 0.385068
6076.173251 0.372778
6076.181924 0.431814
6076.190597 0.583273
6076.199269 0.737106
6076.207942 0.718055
6076.216615 0.558746
6076.225287 0.415836
6076.242633 0.265414
6076.251306 0.253483
6076.259978 0.273045
6076.268651 0.301718
6076.277323 0.307971
6076.285996 0.314661
6076.294669 0.345523
6076.303342 0.401115
6076.312014 0.504635
6076.346705 0.368875
6076.355378 0.332311
6076.364050 0.308215
6076.372723 0.322151
6076.381396 0.358522
6076.390068 0.393795
6076.398741 0.392491
6076.407414 0.347303
6076.416086 0.312331
6076.424759 0.307490
6076.433432 0.326564
6076.442105 0.380855
6076.450777 0.515784
6076.459450 0.735042
6076.468123 0.837798
6076.476795 0.750159
6076.485468 0.658035
6076.494141 0.556186
6076.502814 0.455485
6076.511486 0.408035
6076.520159 0.397466
6076.528832 0.403725
6076.537504 0.423347
6076.546177 0.466775
6076.554850 0.540724
6076.563522 0.590320
6076.572195 0.571044
6076.580868 0.547230
6076.589541 0.546860
6076.598213 0.549318
6076.606886 0.557054
6076.615559 0.574915
6076.624231 0.599731
6076.632904 0.629137
6076.641577 0.662620
6076.650249 0.700619
6076.658922 0.744549
6076.676267 0.872549
6076.684940 0.995006
6076.686332 1.020626
6076.689250 1.078090
6076.692126 1.135869
6076.693613 1.164170
6076.695004 1.188579
6076.697923 1.230237
6076.700799 1.255468
6076.703677 1.265008
6076.706596 1.263091
6076.709472 1.256848
6076.712350 1.253378
6076.715268 1.257776
6076.718144 1.271731
6076.721023 1.294052
6076.723941 1.321882
6076.726817 1.350555
6076.729695 1.377463
6076.732614 1.401704
6076.735490 1.423322
6076.738368 1.444617
6076.741286 1.467865
6076.744163 1.493595
6076.747041 1.522313
6076.749959 1.554082
6076.752835 1.587634
6076.755713 1.623426
6076.758632 1.662347
6076.761508 1.703742
6076.764386 1.748533
6076.767304 1.797522
6076.770181 1.849356
6076.773059 1.904754
6076.775977 1.964729
6076.778853 2.027955
6076.781732 2.095859
6076.784650 2.170081
6076.787526 2.249409
6076.790404 2.336006
6076.793323 2.432510
6076.799077 2.652842
6076.801995 2.780104
6076.807750 3.050591
6076.810668 3.189196
6076.813544 3.322278
6076.816422 3.451905
6076.819341 3.583166
6076.822217 3.717965
6076.825095 3.864403
6076.828013 4.029788
6076.830890 4.212875
6076.833768 4.417874
6076.836686 4.649375
6076.839562 4.902217
6076.842441 5.181711
6076.845359 5.494545
6076.848235 5.835362
6076.851114 6.213063
6076.854032 6.638491
6076.856908 7.106170
6076.859786 7.630007
6076.862705 8.228077
6076.865581 8.894906
6076.868459 9.653861
6076.871236 10.490148
6076.874254 11.539295
6076.877132 12.706411
6076.880050 14.096119
6076.882926 15.720836
6076.885805 17.669629
6076.888723 20.069588
6076.891599 22.983456
6076.894478 26.626522
6076.897396 31.321505
6076.900272 37.301361
6076.903150 45.138921
6076.906069 55.692861
6076.908945 69.547563
6076.911823 87.818512
6076.914741 111.595865
6076.917618 140.102406
6076.920496 171.962258
6076.923414 204.108820
6076.926291 231.214204
6076.929169 250.233997
6076.932087 260.138143
6076.934963 262.549223
6076.937842 261.880014
6076.940760 262.861575
6076.943636 267.915248
6076.946515 275.054744
6076.949433 278.284974
6076.952309 271.004055
6076.955188 250.710340
6076.958105 219.769790
6076.960982 185.010716
6076.963860 151.644029
6076.966778 122.683795
6076.969655 100.023211
6076.972533 82.850805
6076.975451 70.073231
6076.981206 54.595804
6076.984124 50.157330
6076.987000 47.394971
6076.989879 45.990880
6076.992797 45.864222
6076.995673 47.058203
6076.998552 49.727663
6077.001470 54.218607
6077.004346 60.780359
6077.007224 69.929415
6077.010142 82.367073
6077.013019 98.210162
6077.015897 117.777010
6077.018815 140.850534
6077.021692 165.125689
6077.024570 188.257058
6077.027488 207.787386
6077.030365 221.994865
6077.033243 232.228319
6077.036053 240.437945
6077.039037 248.637827
6077.041916 255.724189
6077.044834 261.085733
6077.047710 264.689864
6077.050589 268.140008
6077.056383 276.327287
6077.059262 274.669411
6077.062179 262.299260
6077.065056 237.923373
6077.067934 204.675984
6077.073729 133.934866
6077.076607 105.136192
6077.079525 82.019318
6077.082401 64.685500
6077.085280 51.707911
6077.088197 41.929133
6077.091074 34.706531
6077.093953 29.209962
6077.096870 24.911799
6077.099747 21.583331
6077.102626 18.920740
6077.105543 16.735374
6077.108420 14.966552
6077.111299 13.494994
6077.114216 12.242383
6077.117093 11.190419
6077.119971 10.278933
6077.122889 9.465090
6077.125765 8.747476
6077.128644 8.097697
6077.131562 7.500537
6077.134438 6.968237
6077.137317 6.488455
6077.140234 6.052997
6077.143111 5.668883
6077.145990 5.324328
6077.148907 5.010415
6077.151784 4.730617
6077.154662 4.476199
6077.157580 4.240771
6077.160456 4.028108
6077.163335 3.832182
6077.166252 3.649014
6077.169129 3.481853
6077.172008 3.326605
6077.174925 3.180354
6077.177802 3.045955
6077.180681 2.920339
6077.183598 2.801301
6077.186475 2.691304
6077.192271 2.489556
6077.195149 2.398170
6077.198026 2.312031
6077.200943 2.229604
6077.203821 2.152755
6077.206699 2.080024
6077.209616 2.010202
6077.212494 1.944883
6077.215372 1.882861
6077.218289 1.823134
6077.221167 1.767091
6077.224044 1.713744
6077.226961 1.662210
6077.229840 1.613711
6077.232717 1.567444
6077.235634 1.522640
6077.238512 1.480391
6077.241390 1.439968
6077.244307 1.400753
6077.247185 1.363696
6077.250063 1.328172
6077.252979 1.293655
6077.255858 1.260955
6077.258735 1.229575
6077.261652 1.199013
6077.264530 1.170034
6077.267408 1.142163
6077.270325 1.114989
6077.273203 1.089190
6077.276081 1.064346
6077.277461 1.052759
6077.278998 1.040096
6077.281876 1.017049
6077.284753 0.994844
6077.286134 0.984471
6077.294807 0.923323
6077.303479 0.868579
6077.312152 0.819751
6077.320825 0.776776
6077.329497 0.740474
6077.338170 0.714413
6077.346843 0.712029
6077.355516 0.761746
6077.364188 0.834335
6077.372861 0.796540
6077.381534 0.674362
6077.390207 0.595214
6077.398879 0.568222
6077.407552 0.589180
6077.416225 0.704134
6077.424897 0.907165
6077.433570 0.990164
6077.442243 0.905033
6077.450915 0.760395
6077.459588 0.584395
6077.468261 0.461394
6077.476933 0.403417
6077.485606 0.381663
6077.494279 0.379341
6077.502952 0.366706
6077.511624 0.323335
6077.520297 0.287524
6077.528970 0.280826
6077.537642 0.283029
6077.546315 0.292655
6077.554988 0.312062
6077.563661 0.312678
6077.572333 0.281051
6077.581006 0.249442
6077.589679 0.231470
6077.598351 0.220833
6077.607024 0.213135
6077.615697 0.207022
6077.624369 0.202290
6077.633042 0.199548
6077.641715 0.201183
6077.650388 0.213213
6077.659060 0.236804
6077.667733 0.244987
6077.676406 0.219222
6077.685078 0.189112
6077.702424 0.163551
6077.711096 0.158023
6077.719769 0.153969
6077.728442 0.150876
6077.737115 0.148673
6077.745787 0.147599
6077.754460 0.148383
6077.763133 0.153082
6077.771805 0.168165
6077.780478 0.210008
6077.789151 0.281669
6077.806496 0.256630
6077.815169 0.204430
6077.823842 0.198899
6077.832514 0.216644
6077.841187 0.247366
6077.849860 0.319184
6077.858532 0.369087
6077.867205 0.300562
6077.875878 0.201929
