6076.095197 3.988361
6076.103870 8.226236
6076.112542 7.785981
6076.121215 3.473634
6076.129888 1.151657
6076.138560 0.513839
6076.147233 0.318149
6076.164578 0.198290
6076.173251 0.194303
6076.181924 0.257902
6076.190597 0.475260
6076.199269 0.769930
6076.207942 0.775267
6076.216615 0.509209
6076.225287 0.321886
6076.242633 0.143607
6076.251306 0.133980
6076.259978 0.165814
6076.268651 0.219808
6076.277323 0.219425
6076.285996 0.208769
6076.294669 0.247971
6076.303342 0.301425
6076.312014 0.454839
6076.346705 0.282022
6076.355378 0.227958
6076.364050 0.178393
6076.372723 0.195578
6076.381396 0.246600
6076.390068 0.303678
6076.398741 0.313431
6076.407414 0.229720
6076.416086 0.168214
6076.424759 0.155575
6076.433432 0.163976
6076.442105 0.197623
6076.450777 0.328196
6076.459450 0.654775
6076.468123 0.843730
6076.476795 0.659103
6076.485468 0.547869
6076.494141 0.423458
6076.502814 0.269576
6076.511486 0.210833
6076.520159 0.199995
6076.528832 0.202247
6076.537504 0.213549
6076.546177 0.251241
6076.554850 0.347148
6076.563522 0.417332
6076.572195 0.359307
6076.580868 0.307086
6076.589541 0.304038
6076.598213 0.291603
6076.606886 0.281958
6076.615559 0.287055
6076.624231 0.298750
6076.632904 0.313199
6076.641577 0.329757
6076.650249 0.348583
6076.658922 0.370389
6076.676267 0.438404
6076.684940 0.536251
6076.686332 0.562621
6076.689250 0.628522
6076.692126 0.702750
6076.693613 0.741202
6076.695004 0.774857
6076.697923 0.830317
6076.700799 0.854882
6076.703677 0.845950
6076.706596 0.810428
6076.709472 0.764718
6076.712350 0.724446
6076.715268 0.700623
6076.718144 0.697837
6076.721023 0.712822
6076.723941 0.738510
6076.726817 0.764734
6076.729695 0.783936
6076.732614 0.792616
6076.735490 0.792409
6076.738368 0.788939
6076.741286 0.787770
6076.744163 0.791816
6076.747041 0.800620
6076.749959 0.812131
6076.752835 0.824041
6076.755713 0.836033
6076.758632 0.849182
6076.761508 0.864420
6076.764386 0.882724
6076.767304 0.904353
6076.770181 0.928131
6076.773059 0.953810
6076.775977 0.981638
6076.778853 1.011133
6076.781732 1.043274
6076.784650 1.079219
6076.787526 1.118822
6076.790404 1.163866
6076.793323 1.217046
6076.799077 1.353792
6076.801995 1.441985
6076.807750 1.634930
6076.810668 1.723749
6076.813544 1.793757
6076.816422 1.844804
6076.819341 1.883338
6076.822217 1.919006
6076.825095 1.962879
6076.828013 2.022577
6076.830890 2.098801
6076.833768 2.191775
6076.836686 2.301640
6076.839562 2.424244
6076.842441 2.561048
6076.845359 2.714786
6076.848235 2.882582
6076.851114 3.068725
6076.854032 3.278559
6076.856908 3.509424
6076.859786 3.768259
6076.862705 4.064141
6076.865581 4.394563
6076.868459 4.771402
6076.871236 5.187727
6076.874254 5.711879
6076.877132 6.297777
6076.880050 6.999895
6076.882926 7.827918
6076.885805 8.832997
6076.888723 10.091626
6076.891599 11.656024
6076.894478 13.677267
6076.897396 16.406166
6076.900272 20.111803
6076.903150 25.398783
6076.906069 33.332070
6076.908945 45.163048
6076.911823 63.076381
6076.914741 89.885502
6076.917618 126.479811
6076.920496 172.205672
6076.923414 222.608904
6076.926291 267.453560
6076.929169 298.524794
6076.932087 311.215423
6076.934963 307.623053
6076.937842 296.965021
6076.940760 290.857578
6076.943636 297.652472
6076.946515 315.891488
6076.949433 333.807444
6076.952309 334.695740
6076.955188 309.680485
6076.958105 261.836175
6076.960982 205.283468
6076.963860 152.100526
6076.966778 108.925983
6076.969655 78.392332
6076.972533 57.934593
6076.975451 44.604277
6076.981206 30.953316
6076.984124 27.549296
6076.987000 25.531162
6076.989879 24.528167
6076.992797 24.431794
6076.995673 25.265428
6076.998552 27.167430
6077.001470 30.493078
6077.004346 35.704601
6077.007224 43.772707
6077.010142 56.263017
6077.013019 74.446323
6077.015897 99.677785
6077.018815 132.107972
6077.021692 167.686490
6077.024570 200.782963
6077.027488 225.064377
6077.030365 237.257605
6077.033243 241.684088
6077.036053 245.565286
6077.039037 254.388837
6077.041916 266.710231
6077.044834 278.487775
6077.047710 286.890529
6077.050589 294.808330
6077.056383 324.066343
6077.059262 336.669145
6077.062179 331.739518
6077.065056 301.911239
6077.067934 251.861887
6077.073729 140.503768
6077.076607 98.471143
6077.079525 67.997276
6077.082401 47.877464
6077.085280 34.767212
6077.088197 26.158622
6077.091074 20.533399
6077.093953 16.655969
6077.096870 13.846417
6077.099747 11.790383
6077.102626 10.212946
6077.105543 8.960200
6077.108420 7.975687
6077.111299 7.181634
6077.114216 6.528902
6077.117093 5.998294
6077.119971 5.545277
6077.122889 5.133229
6077.125765 4.750705
6077.128644 4.381473
6077.131562 4.023906
6077.134438 3.697054
6077.137317 3.403666
6077.140234 3.144230
6077.143111 2.923506
6077.145990 2.732319
6077.148907 2.562900
6077.151784 2.414709
6077.154662 2.281506
6077.157580 2.159101
6077.160456 2.049002
6077.163335 1.947856
6077.166252 1.853493
6077.169129 1.767519
6077.172008 1.687780
6077.174925 1.612753
6077.177802 1.543879
6077.180681 1.479566
6077.183598 1.418675
6077.186475 1.362453
6077.192271 1.259445
6077.195149 1.212832
6077.198026 1.168921
6077.200943 1.126926
6077.203821 1.087793
6077.206699 1.050776
6077.209616 1.015256
6077.212494 0.982041
6077.215372 0.950516
6077.218289 0.920170
6077.221167 0.891706
6077.224044 0.864621
6077.226961 0.838466
6077.229840 0.813859
6077.232717 0.790392
6077.235634 0.767674
6077.238512 0.746257
6077.241390 0.725772
6077.244307 0.705904
6077.247185 0.687134
6077.250063 0.669144
6077.252979 0.651669
6077.255858 0.635117
6077.258735 0.619237
6077.261652 0.603773
6077.264530 0.589114
6077.267408 0.575018
6077.270325 0.561277
6077.273203 0.548233
6077.276081 0.535674
6077.277461 0.529818
6077.278998 0.523418
6077.281876 0.511771
6077.284753 0.500551
6077.286134 0.495310
6077.294807 0.464425
6077.303479 0.436787
6077.312152 0.412152
6077.320825 0.390502
6077.329497 0.372331
6077.338170 0.360136
6077.346843 0.368672
6077.355516 0.454641
6077.364188 0.607435
6077.372861 0.568938
6077.381534 0.393271
6077.390207 0.311479
6077.398879 0.290022
6077.407552 0.299055
6077.416225 0.406785
6077.424897 0.717418
6077.433570 0.931630
6077.442243 0.842563
6077.450915 0.669607
6077.459588 0.409456
6077.468261 0.255661
6077.476933 0.208064
6077.485606 0.199838
6077.494279 0.221061
6077.502952 0.231275
6077.511624 0.175776
6077.520297 0.133305
6077.528970 0.137540
6077.537642 0.143601
6077.546315 0.157516
6077.554988 0.198150
6077.563661 0.217382
6077.572333 0.172670
6077.581006 0.132124
6077.589679 0.117221
6077.598351 0.111018
6077.607024 0.106968
6077.615697 0.103832
6077.624369 0.101434
6077.633042 0.100128
6077.641715 0.101900
6077.650388 0.116237
6077.659060 0.158584
6077.667733 0.187078
6077.676406 0.147671
6077.685078 0.104094
6077.702424 0.082331
6077.711096 0.079313
6077.719769 0.077194
6077.728442 0.075599
6077.737115 0.074465
6077.745787 0.073903
6077.754460 0.074289
6077.763133 0.076805
6077.771805 0.086634
6077.780478 0.128644
6077.789151 0.241118
6077.806496 0.214851
6077.815169 0.126671
6077.823842 0.125898
6077.832514 0.156131
6077.841187 0.176953
6077.849860 0.276795
6077.858532 0.396064
6077.867205 0.294318
6077.875878 0.139500
