6076.095197 1.994425
6076.103870 2.000701
6076.112542 1.972797
6076.121215 1.918825
6076.129888 1.849674
6076.138560 1.775792
6076.147233 1.705068
6076.164578 1.589277
6076.173251 1.546051
6076.181924 1.511323
6076.190597 1.483442
6076.199269 1.460955
6076.207942 1.442947
6076.216615 1.429101
6076.225287 1.419518
6076.242633 1.414121
6076.251306 1.418553
6076.259978 1.427622
6076.268651 1.441077
6076.277323 1.458565
6076.285996 1.479614
6076.294669 1.503554
6076.303342 1.529487
6076.312014 1.556384
6076.346705 1.665726
6076.355378 1.696059
6076.364050 1.729135
6076.372723 1.765373
6076.381396 1.805001
6076.390068 1.848225
6076.398741 1.895311
6076.407414 1.946520
6076.416086 2.001977
6076.424759 2.061517
6076.433432 2.124508
6076.442105 2.189889
6076.450777 2.256416
6076.459450 2.323138
6076.468123 2.389775
6076.476795 2.456904
6076.485468 2.525807
6076.494141 2.598065
6076.502814 2.675226
6076.511486 2.758569
6076.520159 2.849041
6076.528832 2.947207
6076.537504 3.053335
6076.546177 3.167539
6076.554850 3.289830
6076.563522 3.420382
6076.572195 3.559751
6076.580868 3.708856
6076.589541 3.868955
6076.598213 4.041461
6076.606886 4.227916
6076.615559 4.429847
6076.624231 4.648840
6076.632904 4.886671
6076.641577 5.145179
6076.650249 5.426337
6076.658922 5.732358
6076.676267 6.428258
6076.684940 6.823690
6076.686332 6.890433
6076.689250 7.033459
6076.692126 7.178694
6076.693613 7.255508
6076.695004 7.328456
6076.697923 7.485076
6076.700799 7.644258
6076.703677 7.808619
6076.706596 7.980752
6076.709472 8.155960
6076.712350 8.337143
6076.715268 8.527121
6076.718144 8.720862
6076.721023 8.921592
6076.723941 9.132322
6076.726817 9.347556
6076.729695 9.570814
6076.732614 9.805710
6076.735490 10.045904
6076.738368 10.295418
6076.741286 10.558231
6076.744163 10.827547
6076.747041 11.107617
6076.749959 11.403038
6076.752835 11.706093
6076.755713 12.021800
6076.758632 12.355401
6076.761508 12.697992
6076.764386 13.055387
6076.767304 13.433440
6076.770181 13.822500
6076.773059 14.228805
6076.775977 14.659206
6076.778853 15.102611
6076.781732 15.566649
6076.784650 16.058742
6076.787526 16.566430
6076.790404 17.098315
6076.793323 17.663564
6076.799077 18.859912
6076.801995 19.511598
6076.807750 20.894688
6076.810668 21.649635
6076.813544 22.431946
6076.816422 23.255132
6076.819341 24.133793
6076.822217 25.045246
6076.825095 26.005556
6076.828013 27.031455
6076.830890 28.097529
6076.833768 29.221412
6076.836686 30.422970
6076.839562 31.671828
6076.842441 32.989733
6076.845359 34.398295
6076.848235 35.861896
6076.851114 37.405435
6076.854032 39.053421
6076.856908 40.763221
6076.859786 42.562141
6076.862705 44.479116
6076.865581 46.460888
6076.868459 48.537777
6076.871236 50.631098
6076.874254 53.004950
6076.877132 55.362764
6076.880050 57.843793
6076.882926 60.373378
6076.885805 62.982816
6076.888723 65.697774
6076.891599 68.432243
6076.894478 71.215284
6076.897396 74.067824
6076.900272 76.894030
6076.903150 79.718626
6076.906069 82.559797
6076.908945 85.315220
6076.911823 88.008236
6076.914741 90.652316
6076.917618 93.154928
6076.920496 95.537574
6076.923414 97.814794
6076.926291 99.911186
6076.929169 101.851052
6076.932087 103.650539
6076.934963 105.255319
6076.937842 106.692711
6076.940760 107.978539
6076.943636 109.081795
6076.946515 110.030455
6076.949433 110.843620
6076.952309 111.512445
6076.955188 112.066242
6076.958105 112.528073
6076.960982 112.905906
6076.963860 113.227686
6076.966778 113.518078
6076.969655 113.789479
6076.972533 114.064917
6076.975451 114.365036
6076.981206 115.069630
6076.984124 115.501059
6076.987000 115.980135
6076.989879 116.513370
6076.992797 117.108471
6076.995673 117.752539
6076.998552 118.464853
6077.001470 119.267711
6077.004346 120.131262
6077.007224 121.011511
6077.010142 121.801069
6077.013019 122.330291
6077.015897 122.502722
6077.018815 122.294878
6077.021692 121.779556
6077.024570 121.045691
6077.027488 120.132351
6077.030365 119.061595
6077.033243 117.782501
6077.036053 116.290990
6077.039037 114.413364
6077.041916 112.304609
6077.044834 109.878101
6077.047710 107.225317
6077.050589 104.344320
6077.056383 98.026404
6077.059262 94.710401
6077.062179 91.281498
6077.065056 87.863812
6077.067934 84.437861
6077.073729 77.617179
6077.076607 74.310235
6077.079525 71.035391
6077.082401 67.898336
6077.085280 64.859005
6077.088197 61.890971
6077.091074 59.079271
6077.093953 56.384145
6077.096870 53.776077
6077.099747 51.324745
6077.102626 48.990712
6077.105543 46.744907
6077.108420 44.644086
6077.111299 42.651540
6077.114216 40.740339
6077.117093 38.956929
6077.119971 37.269142
6077.122889 35.651308
6077.125765 34.144009
6077.128644 32.717198
6077.131562 31.350169
6077.134438 30.076295
6077.137317 28.869898
6077.140234 27.713641
6077.143111 26.634484
6077.145990 25.611792
6077.148907 24.630440
6077.151784 23.713324
6077.154662 22.843272
6077.157580 22.006562
6077.160456 21.223938
6077.163335 20.479763
6077.166252 19.763408
6077.169129 19.091754
6077.172008 18.452228
6077.174925 17.835535
6077.177802 17.256307
6077.180681 16.703819
6077.183598 16.170117
6077.186475 15.667955
6077.192271 14.723840
6077.195149 14.286074
6077.198026 13.867517
6077.200943 13.461516
6077.203821 13.078085
6077.206699 12.710756
6077.209616 12.353998
6077.212494 12.016534
6077.215372 11.692742
6077.218289 11.377787
6077.221167 11.079418
6077.224044 10.792814
6077.226961 10.513528
6077.229840 10.248486
6077.232717 9.993633
6077.235634 9.744952
6077.238512 9.508721
6077.241390 9.281122
6077.244307 9.058833
6077.247185 8.847412
6077.250063 8.643475
6077.252979 8.444130
6077.255858 8.254185
6077.258735 8.070891
6077.261652 7.891409
6077.264530 7.720333
6077.267408 7.554968
6077.270325 7.392944
6077.273203 7.238365
6077.276081 7.088814
6077.277461 7.018828
6077.278998 6.942161
6077.281876 6.802133
6077.284753 6.666603
6077.286134 6.603075
6077.294807 6.225535
6077.303479 5.882147
6077.312152 5.569334
6077.320825 5.284120
6077.329497 5.023850
6077.338170 4.785962
6077.346843 4.568014
6077.355516 4.367487
6077.364188 4.181940
6077.372861 4.009110
6077.381534 3.847140
6077.390207 3.694353
6077.398879 3.549089
6077.407552 3.409715
6077.416225 3.275081
6077.424897 3.144758
6077.433570 3.018891
6077.442243 2.897972
6077.450915 2.782475
6077.459588 2.672682
6077.468261 2.568721
6077.476933 2.470537
6077.485606 2.377906
6077.494279 2.290587
6077.502952 2.208367
6077.511624 2.131097
6077.520297 2.058592
6077.528970 1.990569
6077.537642 1.926585
6077.546315 1.866085
6077.554988 1.808586
6077.563661 1.753744
6077.572333 1.701386
6077.581006 1.651438
6077.589679 1.603886
6077.598351 1.558705
6077.607024 1.515816
6077.615697 1.475110
6077.624369 1.436431
6077.633042 1.399571
6077.641715 1.364313
6077.650388 1.330445
6077.659060 1.297810
6077.667733 1.266328
6077.676406 1.236021
6077.685078 1.206976
6077.702424 1.153095
6077.711096 1.128448
6077.719769 1.105405
6077.728442 1.083996
6077.737115 1.064194
6077.745787 1.045928
6077.754460 1.029022
6077.763133 1.013200
6077.771805 0.998088
6077.780478 0.983293
6077.789151 0.968527
6077.806496 0.938804
6077.815169 0.923976
6077.823842 0.909141
6077.832514 0.894040
6077.841187 0.878281
6077.849860 0.861543
6077.858532 0.843769
6077.867205 0.825221
6077.875878 0.806375
