6076.095197 2.274771
6076.103870 2.302055
6076.112542 2.217726
6076.121215 2.054243
6076.129888 1.859455
6076.138560 1.672495
6076.147233 1.514368
6076.164578 1.301245
6076.173251 1.237966
6076.181924 1.193610
6076.190597 1.159949
6076.199269 1.130288
6076.207942 1.101193
6076.216615 1.072773
6076.225287 1.047258
6076.242633 1.014021
6076.251306 1.008255
6076.259978 1.009300
6076.268651 1.016306
6076.277323 1.028606
6076.285996 1.045767
6076.294669 1.067127
6076.303342 1.090993
6076.312014 1.114157
6076.346705 1.165222
6076.355378 1.177784
6076.364050 1.194578
6076.372723 1.215435
6076.381396 1.239518
6076.390068 1.266183
6076.398741 1.295648
6076.407414 1.329101
6076.416086 1.368192
6076.424759 1.414223
6076.433432 1.467239
6076.442105 1.525180
6076.450777 1.583554
6076.459450 1.636854
6076.468123 1.681518
6076.476795 1.717969
6076.485468 1.749833
6076.494141 1.781785
6076.502814 1.817954
6076.511486 1.861160
6076.520159 1.912833
6076.528832 1.973319
6076.537504 2.042192
6076.546177 2.118336
6076.554850 2.199993
6076.563522 2.285514
6076.572195 2.374533
6076.580868 2.468315
6076.589541 2.568967
6076.598213 2.678447
6076.606886 2.798306
6076.615559 2.929761
6076.624231 3.073949
6076.632904 3.232166
6076.641577 3.405868
6076.650249 3.596743
6076.658922 3.806673
6076.676267 4.289622
6076.684940 4.563942
6076.686332 4.610023
6076.689250 4.708497
6076.692126 4.808089
6076.693613 4.860600
6076.695004 4.910367
6076.697923 5.016911
6076.700799 5.124821
6076.703677 5.235927
6076.706596 5.352041
6076.709472 5.470072
6076.712350 5.592054
6076.715268 5.719965
6076.718144 5.850488
6076.721023 5.985864
6076.723941 6.128191
6076.726817 6.273819
6076.729695 6.425184
6076.732614 6.584807
6076.735490 6.748445
6076.738368 6.918900
6076.741286 7.098974
6076.744163 7.284091
6076.747041 7.477243
6076.749959 7.681706
6076.752835 7.892234
6076.755713 8.112397
6076.758632 8.345981
6076.761508 8.586870
6076.764386 8.839259
6076.767304 9.107445
6076.770181 9.384735
6076.773059 9.675713
6076.775977 9.985497
6076.778853 10.306298
6076.781732 10.643816
6076.784650 11.003718
6076.787526 11.377143
6076.790404 11.770645
6076.793323 12.191351
6076.799077 13.090234
6076.801995 13.584678
6076.807750 14.645333
6076.810668 15.230888
6076.813544 15.842761
6076.816422 16.492389
6076.819341 17.192590
6076.822217 17.926629
6076.825095 18.708842
6076.828013 19.554865
6076.830890 20.445799
6076.833768 21.398490
6076.836686 22.432785
6076.839562 23.525605
6076.842441 24.699148
6076.845359 25.977198
6076.848235 27.332059
6076.851114 28.791585
6076.854032 30.385832
6076.856908 32.080547
6076.859786 33.909988
6076.862705 35.913870
6076.865581 38.046810
6076.868459 40.351714
6076.871236 42.749772
6076.874254 45.563811
6076.877132 48.462167
6076.880050 51.627181
6076.882926 54.979586
6076.885805 58.573960
6076.888723 62.463089
6076.891599 66.535378
6076.894478 70.839060
6076.897396 75.412927
6076.900272 80.099650
6076.903150 84.926279
6076.906069 89.907993
6076.908945 94.838375
6076.911823 99.722928
6076.914741 104.546512
6076.917618 109.096064
6076.920496 113.366595
6076.923414 117.340933
6076.926291 120.853237
6076.929169 123.922186
6076.932087 126.551752
6076.934963 128.651472
6076.937842 130.254369
6076.940760 131.365006
6076.943636 131.955359
6076.946515 132.056838
6076.949433 131.686838
6076.952309 130.900587
6076.955188 129.756640
6076.958105 128.313325
6076.960982 126.699502
6076.963860 124.990514
6076.966778 123.256732
6076.969655 121.634600
6076.972533 120.177068
6076.975451 118.936566
6076.981206 117.400978
6076.984124 117.162557
6076.987000 117.317475
6076.989879 117.875260
6076.992797 118.861609
6076.995673 120.256710
6076.998552 122.082582
6077.001470 124.374283
6077.004346 127.042172
6077.007224 130.034356
6077.010142 133.235900
6077.013019 136.353382
6077.015897 139.250310
6077.018815 141.849478
6077.021692 144.037521
6077.024570 145.828180
6077.027488 147.177076
6077.030365 147.951652
6077.033243 148.076837
6077.036053 147.507805
6077.039037 146.130742
6077.041916 144.060809
6077.044834 141.257850
6077.047710 137.851483
6077.050589 133.861130
6077.056383 124.354722
6077.059262 119.060966
6077.062179 113.434390
6077.065056 107.720932
6077.067934 101.935575
6077.073729 90.416595
6077.076607 84.903461
6077.079525 79.529064
6077.082401 74.481982
6077.085280 69.702943
6077.088197 65.153538
6077.091074 60.959442
6077.093953 57.050661
6077.096870 53.375773
6077.099747 50.020474
6077.102626 46.915799
6077.105543 44.011858
6077.108420 41.369348
6077.111299 38.928738
6077.114216 36.647335
6077.117093 34.570485
6077.119971 32.650625
6077.122889 30.851396
6077.125765 29.210723
6077.128644 27.688852
6077.131562 26.258782
6077.134438 24.950511
6077.137317 23.732901
6077.140234 22.585150
6077.143111 21.530722
6077.145990 20.546253
6077.148907 19.614952
6077.151784 18.756319
6077.154662 17.952093
6077.157580 17.188082
6077.160456 16.481707
6077.163335 15.817349
6077.166252 15.184493
6077.169129 14.597003
6077.172008 14.042844
6077.174925 13.513250
6077.177802 13.020060
6077.180681 12.553418
6077.183598 12.106112
6077.186475 11.688325
6077.192271 10.910829
6077.195149 10.553819
6077.198026 10.214521
6077.200943 9.887299
6077.203821 9.579966
6077.206699 9.287075
6077.209616 9.004042
6077.212494 8.737602
6077.215372 8.483122
6077.218289 8.236675
6077.221167 8.004189
6077.224044 7.781765
6077.226961 7.565860
6077.229840 7.361727
6077.232717 7.166137
6077.235634 6.975940
6077.238512 6.795858
6077.241390 6.622903
6077.244307 6.454498
6077.247185 6.294799
6077.250063 6.141187
6077.252979 5.991445
6077.255858 5.849143
6077.258735 5.712174
6077.261652 5.578387
6077.264530 5.451173
6077.267408 5.328494
6077.270325 5.208570
6077.273203 5.094414
6077.276081 4.984213
6077.277461 4.932725
6077.278998 4.876384
6077.281876 4.773647
6077.284753 4.674422
6077.286134 4.627987
6077.294807 4.353056
6077.303479 4.104740
6077.312152 3.880400
6077.320825 3.678034
6077.329497 3.496063
6077.338170 3.332969
6077.346843 3.186851
6077.355516 3.054656
6077.364188 2.932414
6077.372861 2.817112
6077.381534 2.708777
6077.390207 2.609458
6077.398879 2.519653
6077.407552 2.435780
6077.416225 2.351622
6077.424897 2.262654
6077.433570 2.168795
6077.442243 2.073019
6077.450915 1.978637
6077.459588 1.888206
6077.468261 1.803456
6077.476933 1.725085
6077.485606 1.652756
6077.494279 1.585607
6077.502952 1.522952
6077.511624 1.464836
6077.520297 1.411769
6077.528970 1.363866
6077.537642 1.320272
6077.546315 1.279506
6077.554988 1.240230
6077.563661 1.201755
6077.572333 1.164157
6077.581006 1.127932
6077.589679 1.093589
6077.598351 1.061408
6077.607024 1.031448
6077.615697 1.003658
6077.624369 0.977904
6077.633042 0.953941
6077.641715 0.931354
6077.650388 0.909542
6077.659060 0.887883
6077.667733 0.866037
6077.676406 0.844161
6077.685078 0.822759
6077.702424 0.783379
6077.711096 0.765988
6077.719769 0.750307
6077.728442 0.736450
6077.737115 0.724547
6077.745787 0.714764
6077.754460 0.707194
6077.763133 0.701676
6077.771805 0.697509
6077.780478 0.693361
6077.789151 0.687755
6077.806496 0.670999
6077.815169 0.662101
6077.823842 0.654402
6077.832514 0.647678
6077.841187 0.640335
6077.849860 0.630126
6077.858532 0.615637
6077.867205 0.597458
6077.875878 0.577698
