6076.095197 4.326999
6076.103870 6.623852
6076.112542 6.087788
6076.121215 3.522927
6076.129888 1.730513
6076.138560 0.962065
6076.147233 0.638336
6076.164578 0.409904
6076.173251 0.390997
6076.181924 0.441512
6076.190597 0.582907
6076.199269 0.734775
6076.207942 0.721872
6076.216615 0.566014
6076.225287 0.423973
6076.242633 0.273922
6076.251306 0.260209
6076.259978 0.275768
6076.268651 0.300638
6076.277323 0.307557
6076.285996 0.317157
6076.294669 0.349158
6076.303342 0.403480
6076.312014 0.504153
6076.346705 0.377142
6076.355378 0.341035
6076.364050 0.316087
6076.372723 0.327592
6076.381396 0.359147
6076.390068 0.388323
6076.398741 0.386267
6076.407414 0.347263
6076.416086 0.318024
6076.424759 0.315527
6076.433432 0.334763
6076.442105 0.386642
6076.450777 0.513435
6076.459450 0.720008
6076.468123 0.818178
6076.476795 0.738637
6076.485468 0.656508
6076.494141 0.561419
6076.502814 0.465735
6076.511486 0.421145
6076.520159 0.411886
6076.528832 0.418931
6076.537504 0.439060
6076.546177 0.482490
6076.554850 0.555999
6076.563522 0.604889
6076.572195 0.585318
6076.580868 0.562139
6076.589541 0.562936
6076.598213 0.567900
6076.606886 0.578301
6076.615559 0.598037
6076.624231 0.624290
6076.632904 0.655039
6076.641577 0.689880
6076.650249 0.729271
6076.658922 0.774576
6076.676267 0.903657
6076.684940 1.022794
6076.686332 1.047522
6076.689250 1.102982
6076.692126 1.158909
6076.693613 1.186436
6076.695004 1.210300
6076.697923 1.251547
6076.700799 1.277509
6076.703677 1.288915
6076.706596 1.289822
6076.709472 1.286899
6076.712350 1.286856
6076.715268 1.294482
6076.718144 1.311194
6076.721023 1.335851
6076.723941 1.365736
6076.726817 1.396295
6076.729695 1.425098
6076.732614 1.451377
6076.735490 1.475163
6076.738368 1.498775
6076.741286 1.524456
6076.744163 1.552564
6076.747041 1.583541
6076.749959 1.617420
6076.752835 1.652877
6076.755713 1.690457
6076.758632 1.731159
6076.761508 1.774358
6076.764386 1.821062
6076.767304 1.872130
6076.770181 1.926162
6076.773059 1.983907
6076.775977 2.046406
6076.778853 2.112252
6076.781732 2.182896
6076.784650 2.259990
6076.787526 2.342211
6076.790404 2.431724
6076.793323 2.531170
6076.799077 2.757275
6076.801995 2.887618
6076.807750 3.165334
6076.810668 3.308565
6076.813544 3.447009
6076.816422 3.582851
6076.819341 3.721270
6076.822217 3.863888
6076.825095 4.018797
6076.828013 4.193312
6076.830890 4.385863
6076.833768 4.600800
6076.836686 4.842938
6076.839562 5.106955
6076.842441 5.398474
6076.845359 5.724527
6076.848235 6.079563
6076.851114 6.472867
6076.854032 6.915718
6076.856908 7.402389
6076.859786 7.947311
6076.862705 8.569219
6076.865581 9.262332
6076.868459 10.050810
6076.871236 10.919138
6076.874254 12.007731
6076.877132 13.217718
6076.880050 14.657041
6076.882926 16.337747
6076.885805 18.350787
6076.888723 20.825493
6076.891599 23.823715
6076.894478 27.562744
6076.897396 32.366906
6076.900272 38.464792
6076.903150 46.427150
6076.906069 57.107637
6076.908945 71.077800
6076.911823 89.446658
6076.914741 113.301984
6076.917618 141.865971
6076.920496 173.758289
6076.923414 205.888025
6076.926291 232.903262
6076.929169 251.763364
6076.932087 261.463692
6076.934963 263.678487
6076.937842 262.892166
6076.940760 263.910807
6076.943636 269.145766
6076.946515 276.491173
6076.949433 279.802449
6076.952309 272.423714
6076.955188 251.948812
6076.958105 220.889473
6076.960982 186.151338
6076.963860 152.914399
6076.966778 124.121570
6076.969655 101.600914
6076.972533 84.517763
6076.975451 71.780501
6076.981206 56.293831
6076.984124 51.835439
6076.987000 49.056300
6076.989879 47.643044
6076.992797 47.517350
6076.995673 48.723587
6076.998552 51.416870
6077.001470 55.942196
6077.004346 62.543001
6077.007224 71.728217
6077.010142 84.192987
6077.013019 100.057941
6077.015897 119.664128
6077.018815 142.828119
6077.021692 167.255884
6077.024570 190.568747
6077.027488 210.241524
6077.030365 224.508252
6077.033243 234.755086
6077.036053 242.992195
6077.039037 251.232495
6077.041916 258.276111
6077.044834 263.419364
6077.047710 266.655917
6077.050589 269.715320
6077.056383 277.431770
6077.059262 275.619441
6077.062179 263.033069
6077.065056 238.417510
6077.067934 205.017565
6077.073729 134.415833
6077.076607 105.795804
6077.079525 82.832846
6077.082401 65.590078
6077.085280 52.641937
6077.088197 42.845130
6077.091074 35.575618
6077.093953 30.017838
6077.096870 25.653106
6077.099747 22.260175
6077.102626 19.537052
6077.105543 17.295510
6077.108420 15.476559
6077.111299 13.959901
6077.114216 12.666469
6077.117093 11.578774
6077.119971 10.635787
6077.122889 9.794053
6077.125765 9.052598
6077.128644 8.382175
6077.131562 7.766883
6077.134438 7.218936
6077.137317 6.725185
6077.140234 6.276863
6077.143111 5.881023
6077.145990 5.525508
6077.148907 5.201195
6077.151784 4.911796
6077.154662 4.648404
6077.157580 4.404494
6077.160456 4.184047
6077.163335 3.980865
6077.166252 3.790851
6077.169129 3.617396
6077.172008 3.456267
6077.174925 3.304449
6077.177802 3.164912
6077.180681 3.034475
6077.183598 2.910856
6077.186475 2.796613
6077.192271 2.587050
6077.195149 2.492113
6077.198026 2.402620
6077.200943 2.316979
6077.203821 2.237130
6077.206699 2.161554
6077.209616 2.088998
6077.212494 2.021118
6077.215372 1.956663
6077.218289 1.894589
6077.221167 1.836343
6077.224044 1.780896
6077.226961 1.727332
6077.229840 1.676920
6077.232717 1.628827
6077.235634 1.582255
6077.238512 1.538336
6077.241390 1.496314
6077.244307 1.455547
6077.247185 1.417022
6077.250063 1.380090
6077.252979 1.344203
6077.255858 1.310205
6077.258735 1.277577
6077.261652 1.245799
6077.264530 1.215666
6077.267408 1.186684
6077.270325 1.158426
6077.273203 1.131594
6077.276081 1.105756
6077.277461 1.093705
6077.278998 1.080534
6077.281876 1.056560
6077.284753 1.033460
6077.286134 1.022668
6077.294807 0.959039
6077.303479 0.902040
6077.312152 0.851147
6077.320825 0.806254
6077.329497 0.768102
6077.338170 0.740006
6077.346843 0.734458
6077.355516 0.778484
6077.364188 0.845392
6077.372861 0.807072
6077.381534 0.688722
6077.390207 0.612438
6077.398879 0.586030
6077.407552 0.606373
6077.416225 0.718351
6077.424897 0.912266
6077.433570 0.982880
6077.442243 0.897118
6077.450915 0.760281
6077.459588 0.591415
6077.468261 0.472636
6077.476933 0.416196
6077.485606 0.395157
6077.494279 0.393907
6077.502952 0.382732
6077.511624 0.340685
6077.520297 0.304424
6077.528970 0.294469
6077.537642 0.293109
6077.546315 0.299089
6077.554988 0.314144
6077.563661 0.313139
6077.572333 0.284172
6077.581006 0.255405
6077.589679 0.238527
6077.598351 0.228072
6077.607024 0.220264
6077.615697 0.213924
6077.624369 0.208867
6077.633042 0.205622
6077.641715 0.206238
6077.650388 0.215858
6077.659060 0.235534
6077.667733 0.241894
6077.676406 0.218747
6077.685078 0.191910
6077.702424 0.168260
6077.711096 0.162782
6077.719769 0.158642
6077.728442 0.155389
6077.737115 0.152961
6077.745787 0.151570
6077.754460 0.151866
6077.763133 0.155657
6077.771805 0.168521
6077.780478 0.204519
6077.789151 0.266521
6077.806496 0.244104
6077.815169 0.198492
6077.823842 0.193365
6077.832514 0.208483
6077.841187 0.234798
6077.849860 0.296935
6077.858532 0.340227
6077.867205 0.279955
6077.875878 0.193752
