6076.095197 3.344705
6076.103870 3.708965
6076.112542 3.441612
6076.121215 2.756406
6076.129888 2.059325
6076.138560 1.545393
6076.147233 1.212784
6076.164578 0.890240
6076.173251 0.833890
6076.181924 0.823054
6076.190597 0.835402
6076.199269 0.837633
6076.207942 0.805905
6076.216615 0.746851
6076.225287 0.683205
6076.242633 0.597898
6076.251306 0.582750
6076.259978 0.581395
6076.268651 0.587700
6076.277323 0.598476
6076.285996 0.615468
6076.294669 0.641573
6076.303342 0.678220
6076.312014 0.717830
6076.346705 0.684116
6076.355378 0.673651
6076.364050 0.673845
6076.372723 0.684377
6076.381396 0.700212
6076.390068 0.714289
6076.398741 0.722423
6076.407414 0.727931
6076.416086 0.739288
6076.424759 0.763489
6076.433432 0.805496
6076.442105 0.869817
6076.450777 0.953673
6076.459450 1.033056
6076.468123 1.074198
6076.476795 1.073336
6076.485468 1.051285
6076.494141 1.023700
6076.502814 1.003157
6076.511486 0.998490
6076.520159 1.010465
6076.528832 1.036623
6076.537504 1.075594
6076.546177 1.126385
6076.554850 1.182956
6076.563522 1.232543
6076.572195 1.269543
6076.580868 1.302931
6076.589541 1.341650
6076.598213 1.387983
6076.606886 1.442408
6076.615559 1.505265
6076.624231 1.576571
6076.632904 1.656480
6076.641577 1.745620
6076.650249 1.845304
6076.658922 1.957835
6076.676267 2.236179
6076.684940 2.406081
6076.686332 2.434627
6076.689250 2.494850
6076.692126 2.554083
6076.693613 2.584440
6076.695004 2.612591
6076.697923 2.670776
6076.700799 2.726981
6076.703677 2.782529
6076.706596 2.838898
6076.709472 2.895337
6076.712350 2.953532
6076.715268 3.014935
6076.718144 3.078200
6076.721023 3.144411
6076.723941 3.214452
6076.726817 3.286324
6076.729695 3.361064
6076.732614 3.439847
6076.735490 3.520610
6076.738368 3.604834
6076.741286 3.694037
6076.744163 3.786077
6076.747041 3.882538
6076.749959 3.985154
6076.752835 4.091370
6076.755713 4.203058
6076.758632 4.322234
6076.761508 4.445859
6076.764386 4.576154
6076.767304 4.715439
6076.770181 4.860325
6076.773059 5.013294
6076.775977 5.177176
6076.778853 5.347994
6076.781732 5.528934
6076.784650 5.723247
6076.787526 5.926339
6076.790404 6.141916
6076.793323 6.374038
6076.799077 6.874496
6076.801995 7.151456
6076.807750 7.746605
6076.810668 8.074838
6076.813544 8.417458
6076.816422 8.781229
6076.819341 9.174150
6076.822217 9.588030
6076.825095 10.032375
6076.828013 10.517774
6076.830890 11.035040
6076.833768 11.595516
6076.836686 12.212815
6076.839562 12.875093
6076.842441 13.597838
6076.845359 14.398654
6076.848235 15.263442
6076.851114 16.213703
6076.854032 17.274487
6076.856908 18.429221
6076.859786 19.708472
6076.862705 21.150607
6076.865581 22.735173
6076.868459 24.508370
6076.871236 26.424651
6076.874254 28.772817
6076.877132 31.312283
6076.880050 34.237466
6076.882926 37.524626
6076.885805 41.285782
6076.888723 45.660058
6076.891599 50.617178
6076.894478 56.323099
6076.897396 62.974957
6076.900272 70.491044
6076.903150 79.050035
6076.906069 88.829739
6076.908945 99.503753
6076.911823 111.053241
6076.914741 123.330559
6076.917618 135.534014
6076.920496 147.287568
6076.923414 158.173604
6076.926291 167.434070
6076.929169 174.973511
6076.932087 180.835802
6076.934963 185.043700
6076.937842 187.946651
6076.940760 189.678882
6076.943636 190.058637
6076.946515 188.757515
6076.949433 185.321004
6076.952309 179.665602
6076.955188 171.926881
6076.958105 162.493918
6076.960982 152.329716
6076.963860 142.019048
6076.966778 132.021467
6076.969655 123.031862
6076.972533 115.147817
6076.975451 108.404786
6076.981206 98.870592
6076.984124 95.891786
6076.987000 94.131633
6076.989879 93.519347
6076.992797 94.077121
6076.995673 95.822958
6076.998552 98.827046
6077.001470 103.242021
6077.004346 109.008050
6077.007224 116.165988
6077.010142 124.686920
6077.013019 134.052359
6077.015897 144.032251
6077.018815 154.420040
6077.021692 164.590602
6077.024570 174.340487
6077.027488 183.393463
6077.030365 191.101540
6077.033243 197.269521
6077.036053 201.593724
6077.039037 204.262029
6077.041916 205.006187
6077.044834 204.069103
6077.047710 201.629536
6077.050589 197.741407
6077.056383 185.095863
6077.059262 176.091455
6077.062179 165.136454
6077.065056 152.862010
6077.067934 139.684177
6077.073729 112.998176
6077.076607 100.717806
6077.079525 89.357457
6077.082401 79.352897
6077.085280 70.526410
6077.088197 62.726104
6077.091074 56.052776
6077.093953 50.269202
6077.096870 45.200611
6077.099747 40.870971
6077.102626 37.105803
6077.105543 33.783056
6077.108420 30.917790
6077.111299 28.398228
6077.114216 26.146970
6077.117093 24.179840
6077.119971 22.427014
6077.122889 20.838176
6077.125765 19.432264
6077.128644 18.163018
6077.131562 16.999802
6077.134438 15.960055
6077.137317 15.013020
6077.140234 14.138429
6077.143111 13.350377
6077.145990 12.627872
6077.148907 11.956080
6077.151784 11.346659
6077.154662 10.784375
6077.157580 10.257704
6077.160456 9.777130
6077.163335 9.330605
6077.166252 8.910072
6077.169129 8.523803
6077.172008 8.163010
6077.174925 7.821377
6077.177802 7.505957
6077.180681 7.209897
6077.183598 6.928242
6077.186475 6.667031
6077.192271 6.185611
6077.195149 5.966557
6077.198026 5.759520
6077.200943 5.560899
6077.203821 5.375277
6077.206699 5.199204
6077.209616 5.029815
6077.212494 4.871031
6077.215372 4.719979
6077.218289 4.574253
6077.221167 4.437282
6077.224044 4.306689
6077.226961 4.180342
6077.229840 4.061260
6077.232717 3.947501
6077.235634 3.837194
6077.238512 3.733041
6077.241390 3.633271
6077.244307 3.536370
6077.247185 3.444700
6077.250063 3.356725
6077.252979 3.271159
6077.255858 3.190017
6077.258735 3.112074
6077.261652 3.036094
6077.264530 2.963985
6077.267408 2.894574
6077.270325 2.826844
6077.273203 2.762483
6077.276081 2.700458
6077.277461 2.671514
6077.278998 2.639868
6077.281876 2.582236
6077.284753 2.526665
6077.286134 2.500690
6077.294807 2.347346
6077.303479 2.209637
6077.312152 2.086206
6077.320825 1.976400
6077.329497 1.880508
6077.338170 1.800225
6077.346843 1.738389
6077.355516 1.693766
6077.364188 1.650735
6077.372861 1.587957
6077.381534 1.510248
6077.390207 1.443886
6077.398879 1.406987
6077.407552 1.404319
6077.416225 1.421767
6077.424897 1.419829
6077.433570 1.371725
6077.442243 1.291429
6077.450915 1.198485
6077.459588 1.105308
6077.468261 1.024297
6077.476933 0.960900
6077.485606 0.912291
6077.494279 0.871518
6077.502952 0.831287
6077.511624 0.790050
6077.520297 0.753814
6077.528970 0.727095
6077.537642 0.707756
6077.546315 0.691960
6077.554988 0.675592
6077.563661 0.654545
6077.572333 0.629091
6077.581006 0.603452
6077.589679 0.580565
6077.598351 0.560793
6077.607024 0.543601
6077.615697 0.528593
6077.624369 0.515709
6077.633042 0.505209
6077.641715 0.497430
6077.650388 0.491818
6077.659060 0.485506
6077.667733 0.474545
6077.676406 0.458556
6077.685078 0.441228
6077.702424 0.412688
6077.711096 0.401827
6077.719769 0.392693
6077.728442 0.385109
6077.737115 0.379167
6077.745787 0.375269
6077.754460 0.374262
6077.763133 0.377586
6077.771805 0.386879
6077.780478 0.401395
6077.789151 0.413661
6077.806496 0.400677
6077.815169 0.387931
6077.823842 0.383388
6077.832514 0.388020
6077.841187 0.399694
6077.849860 0.410441
6077.858532 0.405174
6077.867205 0.379331
6077.875878 0.346943
