6076.095197 2.061159
6076.103870 2.068213
6076.112542 2.041920
6076.121215 1.989796
6076.129888 1.922053
6076.138560 1.848678
6076.147233 1.777422
6076.164578 1.658119
6076.173251 1.612529
6076.181924 1.575461
6076.190597 1.545509
6076.199269 1.521359
6076.207942 1.502118
6076.216615 1.487402
6076.225287 1.477206
6076.242633 1.470991
6076.251306 1.475124
6076.259978 1.483956
6076.268651 1.497236
6076.277323 1.514604
6076.285996 1.535584
6076.294669 1.559517
6076.303342 1.585551
6076.312014 1.612741
6076.346705 1.725844
6076.355378 1.757461
6076.364050 1.791832
6076.372723 1.829392
6076.381396 1.870398
6076.390068 1.915071
6076.398741 1.963661
6076.407414 2.016381
6076.416086 2.073317
6076.424759 2.134297
6076.433432 2.198758
6076.442105 2.265786
6076.450777 2.334333
6076.459450 2.403617
6076.468123 2.473427
6076.476795 2.544288
6076.485468 2.617348
6076.494141 2.694024
6076.502814 2.775732
6076.511486 2.863670
6076.520159 2.958760
6076.528832 3.061591
6076.537504 3.172483
6076.546177 3.291627
6076.554850 3.419123
6076.563522 3.555226
6076.572195 3.700544
6076.580868 3.856016
6076.589541 4.022904
6076.598213 4.202623
6076.606886 4.396727
6076.615559 4.606769
6076.624231 4.834371
6076.632904 5.081359
6076.641577 5.349631
6076.650249 5.641240
6076.658922 5.958506
6076.676267 6.679930
6076.684940 7.090064
6076.686332 7.159309
6076.689250 7.307713
6076.692126 7.458436
6076.693613 7.538161
6076.695004 7.613879
6076.697923 7.776461
6076.700799 7.941719
6076.703677 8.112365
6076.706596 8.291086
6076.709472 8.472999
6076.712350 8.661110
6076.715268 8.858338
6076.718144 9.059453
6076.721023 9.267795
6076.723941 9.486482
6076.726817 9.709804
6076.729695 9.941404
6076.732614 10.185024
6076.735490 10.434079
6076.738368 10.692730
6076.741286 10.965095
6076.744163 11.244121
6076.747041 11.534202
6076.749959 11.840088
6076.752835 12.153779
6076.755713 12.480459
6076.758632 12.825536
6076.761508 13.179788
6076.764386 13.549215
6076.767304 13.939849
6076.770181 14.341700
6076.773059 14.761198
6076.775977 15.205391
6076.778853 15.662809
6076.781732 16.141304
6076.784650 16.648496
6076.787526 17.171515
6076.790404 17.719194
6076.793323 18.300929
6076.799077 19.531161
6076.801995 20.200728
6076.807750 21.620404
6076.810668 22.394529
6076.813544 23.196120
6076.816422 24.038928
6076.819341 24.937772
6076.822217 25.869319
6076.825095 26.849861
6076.828013 27.896295
6076.830890 28.982516
6076.833768 30.126311
6076.836686 31.347635
6076.839562 32.615363
6076.842441 33.951319
6076.845359 35.377052
6076.848235 36.856168
6076.851114 38.413496
6076.854032 40.073293
6076.856908 41.792173
6076.859786 43.597175
6076.862705 45.516739
6076.865581 47.497002
6076.868459 49.567800
6076.871236 51.650382
6076.874254 54.006580
6076.877132 56.341243
6076.880050 58.792057
6076.882926 61.284895
6076.885805 63.850440
6076.888723 66.513666
6076.891599 69.190249
6076.894478 71.908997
6076.897396 74.690724
6076.900272 77.442720
6076.903150 80.190132
6076.906069 82.951843
6076.908945 85.629840
6076.911823 88.248386
6076.914741 90.822241
6076.917618 93.262869
6076.920496 95.592485
6076.923414 97.826546
6076.926291 99.891859
6076.929169 101.812652
6076.932087 103.605362
6076.934963 105.215847
6076.937842 106.671053
6076.940760 107.986888
6076.943636 109.130888
6076.946515 110.130608
6076.949433 111.004885
6076.952309 111.741751
6076.955188 112.369708
6076.958105 112.910817
6076.960982 113.368691
6076.963860 113.770015
6076.966778 114.138042
6076.969655 114.480609
6076.972533 114.819604
6076.975451 115.174209
6076.981206 115.949544
6076.984124 116.395139
6076.987000 116.872269
6076.989879 117.386694
6076.992797 117.944485
6076.995673 118.533067
6076.998552 119.171658
6077.001470 119.884130
6077.004346 120.648410
6077.007224 121.424042
6077.010142 122.102784
6077.013019 122.514377
6077.015897 122.558324
6077.018815 122.213580
6077.021692 121.566899
6077.024570 120.714502
6077.027488 119.698029
6077.030365 118.541902
6077.033243 117.192525
6077.036053 115.647212
6077.039037 113.729665
6077.041916 111.600154
6077.044834 109.170653
6077.047710 106.532279
6077.050589 103.682038
6077.056383 97.469310
6077.059262 94.222813
6077.062179 90.872563
6077.065056 87.537921
6077.067934 84.197986
6077.073729 77.550674
6077.076607 74.326359
6077.079525 71.131082
6077.082401 68.067330
6077.085280 65.095615
6077.088197 62.189796
6077.091074 59.433068
6077.093953 56.786605
6077.096870 54.221523
6077.099747 51.806627
6077.102626 49.503478
6077.105543 47.283681
6077.108420 45.203733
6077.111299 43.227764
6077.114216 41.329407
6077.117093 39.555190
6077.119971 37.873547
6077.122889 36.259206
6077.125765 34.753001
6077.128644 33.325264
6077.131562 31.955521
6077.134438 30.677481
6077.137317 29.465659
6077.140234 28.302830
6077.143111 27.216311
6077.145990 26.185533
6077.148907 25.195395
6077.151784 24.269150
6077.154662 23.389609
6077.157580 22.543005
6077.160456 21.750439
6077.163335 20.996189
6077.166252 20.269560
6077.169129 19.587757
6077.172008 18.938101
6077.174925 18.311205
6077.177802 17.722005
6077.180681 17.159653
6077.183598 16.616093
6077.186475 16.104361
6077.192271 15.141475
6077.195149 14.694660
6077.198026 14.267243
6077.200943 13.852459
6077.203821 13.460559
6077.206699 13.084958
6077.209616 12.720017
6077.212494 12.374681
6077.215372 12.043210
6077.218289 11.720669
6077.221167 11.415008
6077.224044 11.121301
6077.226961 10.835004
6077.229840 10.563223
6077.232717 10.301814
6077.235634 10.046662
6077.238512 9.804217
6077.241390 9.570569
6077.244307 9.342313
6077.247185 9.125163
6077.250063 8.915648
6077.252979 8.710802
6077.255858 8.515571
6077.258735 8.327133
6077.261652 8.142574
6077.264530 7.966620
6077.267408 7.796504
6077.270325 7.629790
6077.273203 7.470703
6077.276081 7.316760
6077.277461 7.244707
6077.278998 7.165767
6077.281876 7.021566
6077.284753 6.881969
6077.286134 6.816525
6077.294807 6.427446
6077.303479 6.073315
6077.312152 5.750458
6077.320825 5.455812
6077.329497 5.186645
6077.338170 4.940325
6077.346843 4.714379
6077.355516 4.506291
6077.364188 4.313621
6077.372861 4.134070
6077.381534 3.965690
6077.390207 3.806725
6077.398879 3.655541
6077.407552 3.510671
6077.416225 3.371178
6077.424897 3.236749
6077.433570 3.107498
6077.442243 2.983755
6077.450915 2.865813
6077.459588 2.753794
6077.468261 2.647718
6077.476933 2.547464
6077.485606 2.452780
6077.494279 2.363413
6077.502952 2.279129
6077.511624 2.199752
6077.520297 2.125073
6077.528970 2.054820
6077.537642 1.988599
6077.546315 1.925926
6077.554988 1.866377
6077.563661 1.809634
6077.572333 1.755511
6077.581006 1.703901
6077.589679 1.654751
6077.598351 1.608006
6077.607024 1.563571
6077.615697 1.521329
6077.624369 1.481131
6077.633042 1.442786
6077.641715 1.406101
6077.650388 1.370891
6077.659060 1.337016
6077.667733 1.304394
6077.676406 1.273026
6077.685078 1.242964
6077.702424 1.187037
6077.711096 1.161303
6077.719769 1.137100
6077.728442 1.114442
6077.737115 1.093291
6077.745787 1.073574
6077.754460 1.055133
6077.763133 1.037733
6077.771805 1.021070
6077.780478 1.004823
6077.789151 0.988756
6077.806496 0.956868
6077.815169 0.941093
6077.823842 0.925380
6077.832514 0.909522
6077.841187 0.893218
6077.849860 0.876226
6077.858532 0.858509
6077.867205 0.840266
6077.875878 0.821866
