6076.095197 4.199825
6076.103870 8.734589
6076.112542 8.259802
6076.121215 3.655350
6076.129888 1.221763
6076.138560 0.553136
6076.147233 0.343147
6076.164578 0.211233
6076.173251 0.203333
6076.181924 0.259178
6076.190597 0.463482
6076.199269 0.759750
6076.207942 0.778701
6076.216615 0.512628
6076.225287 0.324695
6076.242633 0.147543
6076.251306 0.136734
6076.259978 0.163798
6076.268651 0.211886
6076.277323 0.212310
6076.285996 0.206590
6076.294669 0.247991
6076.303342 0.299281
6076.312014 0.449932
6076.346705 0.288166
6076.355378 0.233537
6076.364050 0.182177
6076.372723 0.197350
6076.381396 0.243339
6076.390068 0.290893
6076.398741 0.297907
6076.407414 0.223006
6076.416086 0.169466
6076.424759 0.159349
6076.433432 0.168003
6076.442105 0.199872
6076.450777 0.321593
6076.459450 0.631781
6076.468123 0.813506
6076.476795 0.637526
6076.485468 0.540653
6076.494141 0.422606
6076.502814 0.272891
6076.511486 0.217029
6076.520159 0.207099
6076.528832 0.209760
6076.537504 0.221262
6076.546177 0.258646
6076.554850 0.354546
6076.563522 0.423707
6076.572195 0.363195
6076.580868 0.311121
6076.589541 0.308598
6076.598213 0.298669
6076.606886 0.291835
6076.615559 0.298341
6076.624231 0.310812
6076.632904 0.325930
6076.641577 0.343157
6076.650249 0.362668
6076.658922 0.385153
6076.676267 0.453248
6076.684940 0.546262
6076.686332 0.571233
6076.689250 0.633866
6076.692126 0.704879
6076.693613 0.741875
6076.695004 0.774384
6076.697923 0.828331
6076.700799 0.852776
6076.703677 0.845131
6076.706596 0.812198
6076.709472 0.769926
6076.712350 0.733408
6076.715268 0.713120
6076.718144 0.713188
6076.721023 0.730371
6076.723941 0.757779
6076.726817 0.785379
6076.729695 0.805756
6076.732614 0.815546
6076.735490 0.816542
6076.738368 0.814575
6076.741286 0.815281
6076.744163 0.821351
6076.747041 0.832037
6076.749959 0.845022
6076.752835 0.857858
6076.755713 0.870370
6076.758632 0.883877
6076.761508 0.899535
6076.764386 0.918452
6076.767304 0.940913
6076.770181 0.965672
6076.773059 0.992449
6076.775977 1.021479
6076.778853 1.052234
6076.781732 1.085699
6076.784650 1.123012
6076.787526 1.163930
6076.790404 1.210169
6076.793323 1.264352
6076.799077 1.402400
6076.801995 1.491211
6076.807750 1.686582
6076.810668 1.777495
6076.813544 1.850085
6076.816422 1.904221
6076.819341 1.946493
6076.822217 1.986505
6076.825095 2.035290
6076.828013 2.100317
6076.830890 2.181909
6076.833768 2.280263
6076.836686 2.395636
6076.839562 2.523847
6076.842441 2.666586
6076.845359 2.826803
6076.848235 3.001554
6076.851114 3.195333
6076.854032 3.413704
6076.856908 3.653894
6076.859786 3.923112
6076.862705 4.230764
6076.865581 4.574213
6076.868459 4.965754
6076.871236 5.398118
6076.874254 5.942146
6076.877132 6.549817
6076.880050 7.277368
6076.882926 8.134398
6076.885805 9.173155
6076.888723 10.471432
6076.891599 12.081002
6076.894478 14.153719
6076.897396 16.940161
6076.900272 20.704370
6076.903150 26.044538
6076.906069 34.015227
6076.908945 45.859996
6076.911823 63.783631
6076.914741 90.680065
6076.917618 127.579535
6076.920496 173.946393
6076.923414 225.271076
6076.926291 270.970634
6076.929169 302.445954
6076.932087 314.858925
6076.934963 310.400778
6076.937842 298.694568
6076.940760 291.971173
6076.943636 299.093532
6076.946515 318.534270
6076.949433 337.816672
6076.952309 339.244731
6076.955188 313.591317
6076.958105 264.402790
6076.960982 206.634942
6076.963860 152.775902
6076.966778 109.429284
6076.969655 78.992906
6076.972533 58.691085
6076.975451 45.476683
6076.981206 31.890891
6076.984124 28.475854
6076.987000 26.440278
6076.989879 25.422071
6076.992797 25.317625
6076.995673 26.152691
6076.998552 28.062900
6077.001470 31.393466
6077.004346 36.590147
6077.007224 44.612278
6077.010142 57.039477
6077.013019 75.211488
6077.015897 100.607385
6077.018815 133.519684
6077.021692 169.892321
6077.024570 203.838043
6077.027488 228.567313
6077.030365 240.549064
6077.033243 244.419285
6077.036053 247.992693
6077.039037 257.062335
6077.041916 269.905498
6077.044834 281.884881
6077.047710 289.858697
6077.050589 297.090759
6077.056383 326.729320
6077.059262 340.293682
6077.062179 335.742218
6077.065056 305.192267
6077.067934 253.774206
6077.073729 140.591900
6077.076607 98.467270
6077.079525 68.152137
6077.082401 48.219923
6077.085280 35.232322
6077.088197 26.670906
6077.091074 21.039712
6077.093953 17.129652
6077.096870 14.277265
6077.099747 12.178239
6077.102626 10.560657
6077.105543 9.271167
6077.108420 8.254237
6077.111299 7.431299
6077.114216 6.752783
6077.117093 6.200116
6077.119971 5.728213
6077.122889 5.299930
6077.125765 4.903901
6077.128644 4.523366
6077.131562 4.156409
6077.134438 3.822061
6077.137317 3.522459
6077.140234 3.257480
6077.143111 3.031591
6077.145990 2.835321
6077.148907 2.660820
6077.151784 2.507759
6077.154662 2.369909
6077.157580 2.243064
6077.160456 2.128880
6077.163335 2.023926
6077.166252 1.925976
6077.169129 1.836710
6077.172008 1.753901
6077.174925 1.675974
6077.177802 1.604428
6077.180681 1.537614
6077.183598 1.474348
6077.186475 1.415929
6077.192271 1.308886
6077.195149 1.260442
6077.198026 1.214805
6077.200943 1.171157
6077.203821 1.130484
6077.206699 1.092007
6077.209616 1.055085
6077.212494 1.020559
6077.215372 0.987788
6077.218289 0.956242
6077.221167 0.926653
6077.224044 0.898496
6077.226961 0.871305
6077.229840 0.845723
6077.232717 0.821325
6077.235634 0.797706
6077.238512 0.775439
6077.241390 0.754141
6077.244307 0.733484
6077.247185 0.713968
6077.250063 0.695263
6077.252979 0.677092
6077.255858 0.659882
6077.258735 0.643369
6077.261652 0.627289
6077.264530 0.612044
6077.267408 0.597385
6077.270325 0.583095
6077.273203 0.569528
6077.276081 0.556466
6077.277461 0.550375
6077.278998 0.543718
6077.281876 0.531602
6077.284753 0.519930
6077.286134 0.514478
6077.294807 0.482339
6077.303479 0.453563
6077.312152 0.427886
6077.320825 0.405271
6077.329497 0.386167
6077.338170 0.372886
6077.346843 0.379007
6077.355516 0.458919
6077.364188 0.606396
6077.372861 0.567823
6077.381534 0.397013
6077.390207 0.319310
6077.398879 0.298615
6077.407552 0.307064
6077.416225 0.411669
6077.424897 0.716356
6077.433570 0.918536
6077.442243 0.825447
6077.450915 0.662556
6077.459588 0.409264
6077.468261 0.260440
6077.476933 0.214485
6077.485606 0.206908
6077.494279 0.230248
6077.502952 0.243710
6077.511624 0.189408
6077.520297 0.146234
6077.528970 0.146369
6077.537642 0.148838
6077.546315 0.159433
6077.554988 0.194521
6077.563661 0.211119
6077.572333 0.170460
6077.581006 0.134181
6077.589679 0.120619
6077.598351 0.114609
6077.607024 0.110519
6077.615697 0.107275
6077.624369 0.104719
6077.633042 0.103161
6077.641715 0.104309
6077.650388 0.116362
6077.659060 0.153387
6077.667733 0.178598
6077.676406 0.143005
6077.685078 0.104288
6077.702424 0.084651
6077.711096 0.081678
6077.719769 0.079523
6077.728442 0.077852
6077.737115 0.076608
6077.745787 0.075893
6077.754460 0.076044
6077.763133 0.078106
6077.771805 0.086539
6077.780478 0.122866
6077.789151 0.222212
6077.806496 0.198440
6077.815169 0.120560
6077.823842 0.120119
6077.832514 0.146940
6077.841187 0.164255
6077.849860 0.251933
6077.858532 0.359166
6077.867205 0.267603
6077.875878 0.130418
