6076.095197 4.201254
6076.103870 8.736872
6076.112542 8.261802
6076.121215 3.656462
6076.129888 1.222405
6076.138560 0.553519
6076.147233 0.343395
6076.164578 0.211373
6076.173251 0.203447
6076.181924 0.259249
6076.190597 0.463460
6076.199269 0.759679
6076.207942 0.778692
6076.216615 0.512666
6076.225287 0.324743
6076.242633 0.147606
6076.251306 0.136790
6076.259978 0.163823
6076.268651 0.211866
6076.277323 0.212298
6076.285996 0.206613
6076.294669 0.248020
6076.303342 0.299301
6076.312014 0.449915
6076.346705 0.288224
6076.355378 0.233600
6076.364050 0.182241
6076.372723 0.197401
6076.381396 0.243356
6076.390068 0.290849
6076.398741 0.297841
6076.407414 0.223006
6076.416086 0.169519
6076.424759 0.159418
6076.433432 0.168076
6076.442105 0.199942
6076.450777 0.321619
6076.459450 0.631670
6076.468123 0.813313
6076.476795 0.637429
6076.485468 0.540641
6076.494141 0.422637
6076.502814 0.272969
6076.511486 0.217127
6076.520159 0.207202
6076.528832 0.209866
6076.537504 0.221372
6076.546177 0.258757
6076.554850 0.354650
6076.563522 0.423795
6076.572195 0.363284
6076.580868 0.311222
6076.589541 0.308700
6076.598213 0.298790
6076.606886 0.291978
6076.615559 0.298496
6076.624231 0.310975
6076.632904 0.326102
6076.641577 0.343338
6076.650249 0.362858
6076.658922 0.385354
6076.676267 0.453468
6076.684940 0.546465
6076.686332 0.571428
6076.689250 0.634038
6076.692126 0.705025
6076.693613 0.742008
6076.695004 0.774506
6076.697923 0.828436
6076.700799 0.852878
6076.703677 0.845247
6076.706596 0.812343
6076.709472 0.770107
6076.712350 0.733626
6076.715268 0.713368
6076.718144 0.713458
6076.721023 0.730655
6076.723941 0.758071
6076.726817 0.785677
6076.729695 0.806062
6076.732614 0.815863
6076.735490 0.816874
6076.738368 0.814925
6076.741286 0.815651
6076.744163 0.821740
6076.747041 0.832442
6076.749959 0.845442
6076.752835 0.858289
6076.755713 0.870812
6076.758632 0.884329
6076.761508 0.899998
6076.764386 0.918926
6076.767304 0.941400
6076.770181 0.966174
6076.773059 0.992966
6076.775977 1.022012
6076.778853 1.052785
6076.781732 1.086269
6076.784650 1.123602
6076.787526 1.164540
6076.790404 1.210799
6076.793323 1.265001
6076.799077 1.403083
6076.801995 1.491909
6076.807750 1.687313
6076.810668 1.778251
6076.813544 1.850875
6076.816422 1.905054
6076.819341 1.947379
6076.822217 1.987448
6076.825095 2.036295
6076.828013 2.101386
6076.830890 2.183042
6076.833768 2.281461
6076.836686 2.396902
6076.839562 2.525185
6076.842441 2.668003
6076.845359 2.828306
6076.848235 3.003150
6076.851114 3.197031
6076.854032 3.415519
6076.856908 3.655836
6076.859786 3.925195
6076.862705 4.233008
6076.865581 4.576637
6076.868459 4.968381
6076.871236 5.400968
6076.874254 5.945275
6076.877132 6.553254
6076.880050 7.281169
6076.882926 8.138621
6076.885805 9.177878
6076.888723 10.476759
6076.891599 12.087045
6076.894478 14.160624
6076.897396 16.948112
6076.900272 20.713531
6076.903150 26.055060
6076.906069 34.027167
6076.908945 45.873136
6076.911823 63.797447
6076.914741 90.693742
6076.917618 127.592218
6076.920496 173.957398
6076.923414 225.279754
6076.926291 270.976339
6076.929169 302.448302
6076.932087 314.858235
6076.934963 310.398051
6076.937842 298.690989
6076.940760 291.968132
6076.943636 299.092299
6076.946515 318.535143
6076.949433 337.818274
6076.952309 339.244723
6076.955188 313.588704
6076.958105 264.399395
6076.960982 206.634094
6076.963860 152.779852
6076.966778 109.438208
6076.969655 79.005327
6076.972533 58.705259
6076.975451 45.491263
6076.981206 31.904498
6076.984124 28.488832
6076.987000 26.452767
6076.989879 25.434253
6076.992797 25.329704
6076.995673 26.164896
6076.998552 28.075463
6077.001470 31.406583
6077.004346 36.603859
6077.007224 44.626387
6077.010142 57.053488
6077.013019 75.224729
6077.015897 100.619338
6077.018815 133.530397
6077.021692 169.902588
6077.024570 203.848791
6077.027488 228.578778
6077.030365 240.560800
6077.033243 244.431253
6077.036053 248.005642
6077.039037 257.076993
6077.041916 269.920944
6077.044834 281.898475
6077.047710 289.867647
6077.050589 297.094135
6077.056383 326.726533
6077.059262 340.289868
6077.062179 335.736480
6077.065056 305.183974
6077.067934 253.765115
6077.073729 140.590397
6077.076607 98.470893
6077.079525 68.159478
6077.082401 48.229065
6077.085280 35.241808
6077.088197 26.679877
6077.091074 21.047820
6077.093953 17.136835
6077.096870 14.283577
6077.099747 12.183803
6077.102626 10.565582
6077.105543 9.275542
6077.108420 8.258148
6077.111299 7.434807
6077.114216 6.755936
6077.117093 6.202962
6077.119971 5.730793
6077.122889 5.302279
6077.125765 4.906059
6077.128644 4.525368
6077.131562 4.158281
6077.134438 3.823826
6077.137317 3.524130
6077.140234 3.259062
6077.143111 3.033091
6077.145990 2.836742
6077.148907 2.662164
6077.151784 2.509031
6077.154662 2.371115
6077.157580 2.244208
6077.160456 2.129968
6077.163335 2.024962
6077.166252 1.926963
6077.169129 1.837651
6077.172008 1.754801
6077.174925 1.676834
6077.177802 1.605252
6077.180681 1.538404
6077.183598 1.475106
6077.186475 1.416657
6077.192271 1.309559
6077.195149 1.261091
6077.198026 1.215430
6077.200943 1.171760
6077.203821 1.131065
6077.206699 1.092568
6077.209616 1.055628
6077.212494 1.021084
6077.215372 0.988297
6077.218289 0.956735
6077.221167 0.927130
6077.224044 0.898958
6077.226961 0.871753
6077.229840 0.846158
6077.232717 0.821748
6077.235634 0.798117
6077.238512 0.775838
6077.241390 0.754529
6077.244307 0.733861
6077.247185 0.714335
6077.250063 0.695620
6077.252979 0.677440
6077.255858 0.660221
6077.258735 0.643699
6077.261652 0.627611
6077.264530 0.612359
6077.267408 0.597692
6077.270325 0.583394
6077.273203 0.569821
6077.276081 0.556752
6077.277461 0.550657
6077.278998 0.543997
6077.281876 0.531875
6077.284753 0.520197
6077.286134 0.514742
6077.294807 0.482586
6077.303479 0.453795
6077.312152 0.428105
6077.320825 0.405477
6077.329497 0.386362
6077.338170 0.373071
6077.346843 0.379175
6077.355516 0.459041
6077.364188 0.606453
6077.372861 0.567881
6077.381534 0.397124
6077.390207 0.319444
6077.398879 0.298751
6077.407552 0.307200
6077.416225 0.411794
6077.424897 0.716411
6077.433570 0.918463
6077.442243 0.825357
6077.450915 0.662532
6077.459588 0.409318
6077.468261 0.260534
6077.476933 0.214584
6077.485606 0.207007
6077.494279 0.230351
6077.502952 0.243822
6077.511624 0.189532
6077.520297 0.146357
6077.528970 0.146464
6077.537642 0.148912
6077.546315 0.159488
6077.554988 0.194537
6077.563661 0.211113
6077.572333 0.170482
6077.581006 0.134231
6077.589679 0.120675
6077.598351 0.114664
6077.607024 0.110573
6077.615697 0.107327
6077.624369 0.104769
6077.633042 0.103209
6077.641715 0.104353
6077.650388 0.116394
6077.659060 0.153383
6077.667733 0.178567
6077.676406 0.143001
6077.685078 0.104317
6077.702424 0.084689
6077.711096 0.081716
6077.719769 0.079560
6077.728442 0.077888
6077.737115 0.076644
6077.745787 0.075927
6077.754460 0.076077
6077.763133 0.078136
6077.771805 0.086564
6077.780478 0.122860
6077.789151 0.222118
6077.806496 0.198360
6077.815169 0.120551
6077.823842 0.120110
6077.832514 0.146905
6077.841187 0.164206
6077.849860 0.251809
6077.858532 0.358944
6077.867205 0.267452
6077.875878 0.130388
