6076.095197 4.325144
6076.103870 6.619999
6076.112542 6.084170
6076.121215 3.521267
6076.129888 1.729916
6076.138560 0.961792
6076.147233 0.638184
6076.164578 0.409857
6076.173251 0.390992
6076.181924 0.441560
6076.190597 0.582982
6076.199269 0.734785
6076.207942 0.721824
6076.216615 0.565999
6076.225287 0.423984
6076.242633 0.273950
6076.251306 0.260250
6076.259978 0.275829
6076.268651 0.300716
6076.277323 0.307633
6076.285996 0.317220
6076.294669 0.349210
6076.303342 0.403540
6076.312014 0.504206
6076.346705 0.377156
6076.355378 0.341055
6076.364050 0.316128
6076.372723 0.327650
6076.381396 0.359230
6076.390068 0.388441
6076.398741 0.386388
6076.407414 0.347359
6076.416086 0.318094
6076.424759 0.315587
6076.433432 0.334830
6076.442105 0.386740
6076.450777 0.513589
6076.459450 0.720195
6076.468123 0.818361
6076.476795 0.738805
6076.485468 0.656617
6076.494141 0.561496
6076.502814 0.465804
6076.511486 0.421202
6076.520159 0.411937
6076.528832 0.418979
6076.537504 0.439110
6076.546177 0.482543
6076.554850 0.556041
6076.563522 0.604928
6076.572195 0.585383
6076.580868 0.562218
6076.589541 0.563014
6076.598213 0.567970
6076.606886 0.578364
6076.615559 0.598096
6076.624231 0.624350
6076.632904 0.655101
6076.641577 0.689946
6076.650249 0.729342
6076.658922 0.774655
6076.676267 0.903773
6076.684940 1.022950
6076.686332 1.047685
6076.689250 1.103157
6076.692126 1.159092
6076.693613 1.186620
6076.695004 1.210485
6076.697923 1.251733
6076.700799 1.277694
6076.703677 1.289100
6076.706596 1.290007
6076.709472 1.287082
6076.712350 1.287035
6076.715268 1.294655
6076.718144 1.311359
6076.721023 1.336006
6076.723941 1.365883
6076.726817 1.396434
6076.729695 1.425232
6076.732614 1.451508
6076.735490 1.475294
6076.738368 1.498905
6076.741286 1.524586
6076.744163 1.552692
6076.747041 1.583669
6076.749959 1.617550
6076.752835 1.653010
6076.755713 1.690596
6076.758632 1.731306
6076.761508 1.774512
6076.764386 1.821224
6076.767304 1.872299
6076.770181 1.926338
6076.773059 1.984089
6076.775977 2.046596
6076.778853 2.112449
6076.781732 2.183102
6076.784650 2.260205
6076.787526 2.342437
6076.790404 2.431961
6076.793323 2.531420
6076.799077 2.757551
6076.801995 2.887906
6076.807750 3.165641
6076.810668 3.308882
6076.813544 3.447339
6076.816422 3.583196
6076.819341 3.721633
6076.822217 3.864269
6076.825095 4.019194
6076.828013 4.193725
6076.830890 4.386293
6076.833768 4.601247
6076.836686 4.843406
6076.839562 5.107446
6076.842441 5.398992
6076.845359 5.725076
6076.848235 6.080147
6076.851114 6.473490
6076.854032 6.916385
6076.856908 7.403106
6076.859786 7.948085
6076.862705 8.570058
6076.865581 9.263244
6076.868459 10.051807
6076.871236 10.920229
6076.874254 12.008941
6076.877132 13.219060
6076.880050 14.658544
6076.882926 16.339439
6076.885805 18.352705
6076.888723 20.827687
6076.891599 23.826236
6076.894478 27.565656
6076.897396 32.370280
6076.900272 38.468666
6076.903150 46.431504
6076.906069 57.112286
6076.908945 71.082201
6076.911823 89.449653
6076.914741 113.301469
6076.917618 141.859106
6076.920496 173.742179
6076.923414 205.861135
6076.926291 232.867190
6076.929169 251.722242
6076.932087 261.422832
6076.934963 263.642101
6076.937842 262.861253
6076.940760 263.882261
6076.943636 269.113813
6076.946515 276.451213
6076.949433 279.754569
6076.952309 272.373706
6076.955188 251.904488
6076.958105 220.856529
6076.960982 186.130834
6076.963860 152.904269
6076.966778 124.118622
6076.969655 101.602064
6076.972533 84.520929
6076.975451 71.784461
6076.981206 56.297880
6076.984124 51.839353
6076.987000 49.060118
6076.989879 47.646846
6076.992797 47.521230
6076.995673 48.727637
6076.998552 51.421173
6077.001470 55.946805
6077.004346 62.547871
6077.007224 71.733092
6077.010142 84.197189
6077.013019 100.060195
6077.015897 119.662497
6077.018815 142.820283
6077.021692 167.240404
6077.024570 190.546091
6077.027488 210.214544
6077.030365 224.480844
6077.033243 234.729339
6077.036053 242.967240
6077.039037 251.205884
6077.041916 258.246642
6077.044834 263.388168
6077.047710 266.624895
6077.050589 269.684292
6077.056383 277.391324
6077.059262 275.572735
6077.062179 262.985197
6077.065056 238.375834
6077.067934 204.987132
6077.073729 134.407193
6077.076607 105.793470
6077.079525 82.834005
6077.082401 65.592766
6077.085280 52.645081
6077.088197 42.848212
6077.091074 35.578435
6077.093953 30.020343
6077.096870 25.655310
6077.099747 22.262122
6077.102626 19.538782
6077.105543 17.297058
6077.108420 15.477958
6077.111299 13.961173
6077.114216 12.667629
6077.117093 11.579836
6077.119971 10.636761
6077.122889 9.794948
6077.125765 9.053427
6077.128644 8.382948
6077.131562 7.767607
6077.134438 7.219616
6077.137317 6.725823
6077.140234 6.277461
6077.143111 5.881582
6077.145990 5.526033
6077.148907 5.201688
6077.151784 4.912260
6077.154662 4.648842
6077.157580 4.404909
6077.160456 4.184442
6077.163335 3.981241
6077.166252 3.791209
6077.169129 3.617737
6077.172008 3.456594
6077.174925 3.304762
6077.177802 3.165212
6077.180681 3.034764
6077.183598 2.911133
6077.186475 2.796879
6077.192271 2.587297
6077.195149 2.492352
6077.198026 2.402851
6077.200943 2.317202
6077.203821 2.237346
6077.206699 2.161763
6077.209616 2.089200
6077.212494 2.021314
6077.215372 1.956853
6077.218289 1.894774
6077.221167 1.836522
6077.224044 1.781070
6077.226961 1.727501
6077.229840 1.677085
6077.232717 1.628988
6077.235634 1.582411
6077.238512 1.538488
6077.241390 1.496462
6077.244307 1.455691
6077.247185 1.417163
6077.250063 1.380227
6077.252979 1.344337
6077.255858 1.310336
6077.258735 1.277706
6077.261652 1.245925
6077.264530 1.215789
6077.267408 1.186804
6077.270325 1.158543
6077.273203 1.131709
6077.276081 1.105869
6077.277461 1.093817
6077.278998 1.080644
6077.281876 1.056668
6077.284753 1.033566
6077.286134 1.022774
6077.294807 0.959139
6077.303479 0.902135
6077.312152 0.851238
6077.320825 0.806342
6077.329497 0.768190
6077.338170 0.740097
6077.346843 0.734561
6077.355516 0.778604
6077.364188 0.845508
6077.372861 0.807189
6077.381534 0.688837
6077.390207 0.612534
6077.398879 0.586120
6077.407552 0.606474
6077.416225 0.718468
6077.424897 0.912375
6077.433570 0.983011
6077.442243 0.897254
6077.450915 0.760377
6077.459588 0.591501
6077.468261 0.472709
6077.476933 0.416253
6077.485606 0.395198
6077.494279 0.393923
6077.502952 0.382724
6077.511624 0.340672
6077.520297 0.304419
6077.528970 0.294482
6077.537642 0.293144
6077.546315 0.299146
6077.554988 0.314220
6077.563661 0.313218
6077.572333 0.284237
6077.581006 0.255452
6077.589679 0.238565
6077.598351 0.228105
6077.607024 0.220295
6077.615697 0.213954
6077.624369 0.208899
6077.633042 0.205656
6077.641715 0.206278
6077.650388 0.215913
6077.659060 0.235606
6077.667733 0.241970
6077.676406 0.218810
6077.685078 0.191955
6077.702424 0.168289
6077.711096 0.162809
6077.719769 0.158668
6077.728442 0.155415
6077.737115 0.152988
6077.745787 0.151599
6077.754460 0.151899
6077.763133 0.155698
6077.771805 0.168580
6077.780478 0.204617
6077.789151 0.266666
6077.806496 0.244234
6077.815169 0.198591
6077.823842 0.193460
6077.832514 0.208592
6077.841187 0.234941
6077.849860 0.297129
6077.858532 0.340437
6077.867205 0.280122
6077.875878 0.193857
