6076.095197 2.351839
6076.103870 2.379155
6076.112542 2.297002
6076.121215 2.135942
6076.129888 1.941660
6076.138560 1.752482
6076.147233 1.589902
6076.164578 1.364755
6076.173251 1.295299
6076.181924 1.245366
6076.190597 1.207201
6076.199269 1.174397
6076.207942 1.143441
6076.216615 1.114045
6076.225287 1.087959
6076.242633 1.053564
6076.251306 1.047066
6076.259978 1.047399
6076.268651 1.053824
6076.277323 1.065689
6076.285996 1.082468
6076.294669 1.103389
6076.303342 1.126757
6076.312014 1.149581
6076.346705 1.203939
6076.355378 1.217411
6076.364050 1.234811
6076.372723 1.256109
6076.381396 1.280705
6076.390068 1.308162
6076.398741 1.338734
6076.407414 1.373429
6076.416086 1.413600
6076.424759 1.460284
6076.433432 1.513420
6076.442105 1.571120
6076.450777 1.629417
6076.459450 1.683516
6076.468123 1.730306
6076.476795 1.770114
6076.485468 1.806091
6076.494141 1.842391
6076.502814 1.882773
6076.511486 1.929875
6076.520159 1.985111
6076.528832 2.048891
6076.537504 2.120895
6076.546177 2.200148
6076.554850 2.285077
6076.563522 2.374216
6076.572195 2.467297
6076.580868 2.565562
6076.589541 2.671049
6076.598213 2.785665
6076.606886 2.910939
6076.615559 3.048085
6076.624231 3.198263
6076.632904 3.362794
6076.641577 3.543160
6076.650249 3.741067
6076.658922 3.958424
6076.676267 4.457825
6076.684940 4.741786
6076.686332 4.789548
6076.689250 4.891686
6076.692126 4.995087
6076.693613 5.049648
6076.695004 5.101383
6076.697923 5.212218
6076.700799 5.324571
6076.703677 5.440336
6076.706596 5.561388
6076.709472 5.684487
6076.712350 5.811740
6076.715268 5.945193
6076.718144 6.081375
6076.721023 6.222611
6076.723941 6.371080
6076.726817 6.522965
6076.729695 6.680800
6076.732614 6.847205
6076.735490 7.017750
6076.738368 7.195347
6076.741286 7.382910
6076.744163 7.575664
6076.747041 7.776720
6076.749959 7.989479
6076.752835 8.208477
6076.755713 8.437425
6076.758632 8.680249
6076.761508 8.930587
6076.764386 9.192792
6076.767304 9.471320
6076.770181 9.759212
6076.773059 10.061222
6076.775977 10.382650
6076.778853 10.715403
6076.781732 11.065390
6076.784650 11.438476
6076.787526 11.825461
6076.790404 12.233129
6076.793323 12.668859
6076.799077 13.599458
6076.801995 14.111147
6076.807750 15.208352
6076.810668 15.813827
6076.813544 16.446307
6076.816422 17.117566
6076.819341 17.840772
6076.822217 18.598557
6076.825095 19.405626
6076.828013 20.277984
6076.830890 21.196009
6076.833768 22.176915
6076.836686 23.240944
6076.839562 24.364150
6076.842441 25.569137
6076.845359 26.880023
6076.848235 28.268086
6076.851114 29.761522
6076.854032 31.390606
6076.856908 33.119823
6076.859786 34.983574
6076.862705 37.021534
6076.865581 39.186714
6076.868459 41.521775
6076.871236 43.946044
6076.874254 46.784127
6076.877132 49.699688
6076.880050 52.874773
6076.882926 56.227997
6076.885805 59.812129
6076.888723 63.677433
6076.891599 67.710909
6076.894478 71.958640
6076.897396 76.456927
6076.900272 81.049931
6076.903150 85.764090
6076.906069 90.614411
6076.908945 95.401523
6076.911823 100.133726
6076.914741 104.799908
6076.917618 109.198469
6076.920496 113.329443
6076.923414 117.180845
6076.926291 120.595472
6076.929169 123.593255
6076.932087 126.178987
6076.934963 128.263290
6076.937842 129.877884
6076.940760 131.027943
6076.943636 131.684719
6076.946515 131.880619
6076.949433 131.634634
6076.952309 130.996815
6076.955188 130.023945
6076.958105 128.771454
6076.960982 127.356450
6076.963860 125.849807
6076.966778 124.317727
6076.969655 122.884964
6076.972533 121.602458
6076.975451 120.520800
6076.981206 119.233130
6076.984124 119.083745
6076.987000 119.300548
6076.989879 119.893256
6076.992797 120.885769
6076.995673 122.256415
6076.998552 124.026511
6077.001470 126.230961
6077.004346 128.786144
6077.007224 131.642384
6077.010142 134.682190
6077.013019 137.612985
6077.015897 140.294756
6077.018815 142.653399
6077.021692 144.595253
6077.024570 146.143089
6077.027488 147.256646
6077.030365 147.813223
6077.033243 147.737638
6077.036053 146.994216
6077.039037 145.461554
6077.041916 143.275342
6077.044834 140.391474
6077.047710 136.942884
6077.050589 132.947334
6077.056383 123.536108
6077.059262 118.335525
6077.062179 112.827559
6077.065056 107.248447
6077.067934 101.607728
6077.073729 90.383904
6077.076607 85.007995
6077.079525 79.760849
6077.082401 74.825100
6077.085280 70.142344
6077.088197 65.674849
6077.091074 61.546683
6077.093953 57.690180
6077.096870 54.055666
6077.099747 50.729263
6077.102626 47.644150
6077.105543 44.751950
6077.108420 42.114389
6077.111299 39.673327
6077.114216 37.387020
6077.117093 35.301849
6077.119971 33.370965
6077.122889 31.558453
6077.125765 29.903142
6077.128644 28.365512
6077.131562 26.918697
6077.134438 25.593443
6077.137317 24.358581
6077.140234 23.193276
6077.143111 22.121603
6077.145990 21.120054
6077.148907 20.171717
6077.151784 19.296613
6077.154662 18.476286
6077.157580 17.696373
6077.160456 16.974766
6077.163335 16.295615
6077.166252 15.648247
6077.169129 15.046915
6077.172008 14.479374
6077.174925 13.936695
6077.177802 13.431059
6077.180681 12.952411
6077.183598 12.493385
6077.186475 12.064465
6077.192271 11.265779
6077.195149 10.898830
6077.198026 10.549967
6077.200943 10.213409
6077.203821 9.897210
6077.206699 9.595781
6077.209616 9.304414
6077.212494 9.030057
6077.215372 8.767948
6077.218289 8.514051
6077.221167 8.274482
6077.224044 8.045233
6077.226961 7.822654
6077.229840 7.612167
6077.232717 7.410451
6077.235634 7.214257
6077.238512 7.028466
6077.241390 6.849997
6077.244307 6.676195
6077.247185 6.511350
6077.250063 6.352763
6077.252979 6.198148
6077.255858 6.051193
6077.258735 5.909724
6077.261652 5.771522
6077.264530 5.640092
6077.267408 5.513328
6077.270325 5.389393
6077.273203 5.271402
6077.276081 5.157482
6077.277461 5.104251
6077.278998 5.045996
6077.281876 4.939760
6077.284753 4.837140
6077.286134 4.789110
6077.294807 4.504648
6077.303479 4.247555
6077.312152 4.015080
6077.320825 3.805106
6077.329497 3.615931
6077.338170 3.445920
6077.346843 3.293127
6077.355516 3.154621
6077.364188 3.026730
6077.372861 2.906633
6077.381534 2.794110
6077.390207 2.690545
6077.398879 2.595822
6077.407552 2.506334
6077.416225 2.416652
6077.424897 2.323331
6077.433570 2.226774
6077.442243 2.129640
6077.450915 2.034626
6077.459588 1.943767
6077.468261 1.858472
6077.476933 1.779315
6077.485606 1.705986
6077.494279 1.637710
6077.502952 1.573851
6077.511624 1.514379
6077.520297 1.459658
6077.528970 1.409756
6077.537642 1.363965
6077.546315 1.321068
6077.554988 1.279954
6077.563661 1.240023
6077.572333 1.201282
6077.581006 1.164076
6077.589679 1.128780
6077.598351 1.095601
6077.607024 1.064570
6077.615697 1.035626
6077.624369 1.008638
6077.633042 0.983374
6077.641715 0.959474
6077.650388 0.936437
6077.659060 0.913758
6077.667733 0.891159
6077.676406 0.868748
6077.685078 0.846915
6077.702424 0.806563
6077.711096 0.788530
6077.719769 0.772083
6077.728442 0.757313
6077.737115 0.744324
6077.745787 0.733236
6077.754460 0.724099
6077.763133 0.716743
6077.771805 0.710571
6077.780478 0.704501
6077.789151 0.697363
6077.806496 0.678937
6077.815169 0.669365
6077.823842 0.660736
6077.832514 0.652849
6077.841187 0.644431
6077.849860 0.633712
6077.858532 0.619597
6077.867205 0.602540
6077.875878 0.584195
