6076.095197 4.404831
6076.103870 9.212569
6076.112542 8.703973
6076.121215 3.830961
6076.129888 1.293425
6076.138560 0.593472
6076.147233 0.368764
6076.164578 0.224569
6076.173251 0.212964
6076.181924 0.262071
6076.190597 0.454595
6076.199269 0.751329
6076.207942 0.781994
6076.216615 0.515893
6076.225287 0.327451
6076.242633 0.151663
6076.251306 0.139852
6076.259978 0.162788
6076.268651 0.205557
6076.277323 0.206687
6076.285996 0.205156
6076.294669 0.248078
6076.303342 0.297358
6076.312014 0.444757
6076.346705 0.293701
6076.355378 0.238751
6076.364050 0.185995
6076.372723 0.199313
6076.381396 0.240917
6076.390068 0.280257
6076.398741 0.284876
6076.407414 0.217898
6076.416086 0.171240
6076.424759 0.163222
6076.433432 0.172085
6076.442105 0.202451
6076.450777 0.316276
6076.459450 0.610404
6076.468123 0.784567
6076.476795 0.617646
6076.485468 0.533614
6076.494141 0.421490
6076.502814 0.276287
6076.511486 0.223173
6076.520159 0.214080
6076.528832 0.217143
6076.537504 0.228888
6076.546177 0.266097
6076.554850 0.362087
6076.563522 0.430377
6076.572195 0.367722
6076.580868 0.315851
6076.589541 0.313696
6076.598213 0.306011
6076.606886 0.301668
6076.615559 0.309420
6076.624231 0.322616
6076.632904 0.338378
6076.641577 0.356256
6076.650249 0.376437
6076.658922 0.399592
6076.676267 0.467970
6076.684940 0.556779
6076.686332 0.580464
6076.689250 0.640000
6076.692126 0.707845
6076.693613 0.743360
6076.695004 0.774681
6076.697923 0.827004
6076.700799 0.851269
6076.703677 0.844943
6076.706596 0.814682
6076.709472 0.775891
6076.712350 0.743059
6076.715268 0.726107
6076.718144 0.728741
6076.721023 0.747786
6076.723941 0.776587
6076.726817 0.805307
6076.729695 0.826713
6076.732614 0.837584
6076.735490 0.839837
6076.738368 0.839445
6076.741286 0.842064
6076.744163 0.850139
6076.747041 0.862654
6076.749959 0.877056
6076.752835 0.890782
6076.755713 0.903802
6076.758632 0.917674
6076.761508 0.933758
6076.764386 0.953283
6076.767304 0.976558
6076.770181 1.002277
6076.773059 1.030127
6076.775977 1.060336
6076.778853 1.092333
6076.781732 1.127103
6076.784650 1.165769
6076.787526 1.207997
6076.790404 1.255447
6076.793323 1.310662
6076.799077 1.450030
6076.801995 1.539366
6076.807750 1.736740
6076.810668 1.829536
6076.813544 1.904606
6076.816422 1.961851
6076.819341 2.007951
6076.822217 2.052377
6076.825095 2.106067
6076.828013 2.176315
6076.830890 2.263101
6076.833768 2.366635
6076.836686 2.487314
6076.839562 2.620944
6076.842441 2.769436
6076.845359 2.935944
6076.848235 3.117455
6076.851114 3.318657
6076.854032 3.545331
6076.856908 3.794591
6076.859786 4.073903
6076.862705 4.393002
6076.865581 4.749120
6076.868459 5.154957
6076.871236 5.602920
6076.874254 6.166281
6076.877132 6.795137
6076.880050 7.547445
6076.882926 8.432736
6076.885805 9.504346
6076.888723 10.841389
6076.891599 12.495292
6076.894478 14.618841
6076.897396 17.462704
6076.900272 21.286352
6076.903150 26.681899
6076.906069 34.692559
6076.908945 46.548727
6076.911823 64.461305
6076.914741 91.378171
6076.917618 128.443393
6076.920496 175.227668
6076.923414 227.189812
6076.926291 273.478315
6076.929169 305.192868
6076.932087 317.320982
6076.934963 312.129892
6076.937842 299.560681
6076.940760 292.344760
6076.943636 299.764299
6076.946515 320.222911
6076.949433 340.637741
6076.952309 342.486867
6076.955188 316.287956
6076.958105 266.036989
6076.960982 207.394975
6076.963860 153.145230
6076.966778 109.807179
6076.969655 79.550611
6076.972533 59.429154
6076.975451 46.329729
6076.981206 32.796120
6076.984124 29.366833
6076.987000 27.312576
6076.989879 26.278845
6076.992797 26.166262
6076.995673 27.002919
6076.998552 28.922441
6077.001470 32.261046
6077.004346 37.447731
6077.007224 45.426403
6077.010142 57.779194
6077.013019 75.895721
6077.015897 101.357580
6077.018815 134.588310
6077.021692 171.554520
6077.024570 206.168600
6077.027488 231.247086
6077.030365 243.024197
6077.033243 246.405725
6077.036053 249.723527
6077.039037 259.028340
6077.041916 272.332141
6077.044834 284.455966
6077.047710 291.982078
6077.050589 298.518917
6077.056383 328.305391
6077.059262 342.647072
6077.062179 338.401695
6077.065056 307.265388
6077.067934 254.790272
6077.073729 140.442416
6077.076607 98.398829
6077.079525 68.315876
6077.082401 48.585636
6077.085280 35.712824
6077.088197 27.187411
6077.091074 21.542610
6077.093953 17.596050
6077.096870 14.699433
6077.099747 12.557350
6077.102626 10.900156
6077.105543 9.574710
6077.108420 8.526189
6077.111299 7.675108
6077.114216 6.971383
6077.117093 6.397017
6077.119971 5.906459
6077.122889 5.462174
6077.125765 5.052978
6077.128644 4.661602
6077.131562 4.285769
6077.134438 3.944364
6077.137317 3.638843
6077.140234 3.368478
6077.143111 3.137492
6077.145990 2.936180
6077.148907 2.756648
6077.151784 2.598786
6077.154662 2.456372
6077.157580 2.325183
6077.160456 2.207007
6077.163335 2.098335
6077.166252 1.996882
6077.169129 1.904402
6077.172008 1.818597
6077.174925 1.737838
6077.177802 1.663684
6077.180681 1.594427
6077.183598 1.528842
6077.186475 1.468278
6077.192271 1.357293
6077.195149 1.307062
6077.198026 1.259738
6077.200943 1.214476
6077.203821 1.172296
6077.206699 1.132392
6077.209616 1.094101
6077.212494 1.058293
6077.215372 1.024305
6077.218289 0.991586
6077.221167 0.960896
6077.224044 0.931691
6077.226961 0.903487
6077.229840 0.876951
6077.232717 0.851644
6077.235634 0.827144
6077.238512 0.804046
6077.241390 0.781952
6077.244307 0.760523
6077.247185 0.740277
6077.250063 0.720873
6077.252979 0.702022
6077.255858 0.684167
6077.258735 0.667034
6077.261652 0.650351
6077.264530 0.634534
6077.267408 0.619324
6077.270325 0.604496
6077.273203 0.590419
6077.276081 0.576864
6077.277461 0.570542
6077.278998 0.563634
6077.281876 0.551060
6077.284753 0.538945
6077.286134 0.533286
6077.294807 0.499919
6077.303479 0.470029
6077.312152 0.443333
6077.320825 0.419773
6077.329497 0.399761
6077.338170 0.385451
6077.346843 0.389385
6077.355516 0.463498
6077.364188 0.605143
6077.372861 0.566639
6077.381534 0.401096
6077.390207 0.327157
6077.398879 0.307083
6077.407552 0.315012
6077.416225 0.416542
6077.424897 0.714427
6077.433570 0.904723
6077.442243 0.808785
6077.450915 0.655282
6077.459588 0.409183
6077.468261 0.265307
6077.476933 0.220842
6077.485606 0.213863
6077.494279 0.239104
6077.502952 0.255390
6077.511624 0.201986
6077.520297 0.158088
6077.528970 0.154531
6077.537642 0.153955
6077.546315 0.161764
6077.554988 0.191965
6077.563661 0.206145
6077.572333 0.169126
6077.581006 0.136528
6077.589679 0.124058
6077.598351 0.118189
6077.607024 0.114049
6077.615697 0.110697
6077.624369 0.107992
6077.633042 0.106205
6077.641715 0.106821
6077.650388 0.116955
6077.659060 0.149319
6077.667733 0.171539
6077.676406 0.139376
6077.685078 0.104882
6077.702424 0.086995
6077.711096 0.084052
6077.719769 0.081857
6077.728442 0.080112
6077.737115 0.078767
6077.745787 0.077911
6077.754460 0.077851
6077.763133 0.079517
6077.771805 0.086788
6077.780478 0.118364
6077.789151 0.206197
6077.806496 0.184623
6077.815169 0.115734
6077.823842 0.115442
6077.832514 0.139208
6077.841187 0.153765
6077.849860 0.230936
6077.858532 0.327123
6077.867205 0.244748
6077.875878 0.123049
