6076.095197 3.933472
6076.103870 4.700767
6076.112542 4.326334
6076.121215 3.191848
6076.129888 2.143722
6076.138560 1.473057
6076.147233 1.088599
6076.164578 0.751613
6076.173251 0.701021
6076.181924 0.707309
6076.190597 0.751919
6076.199269 0.785566
6076.207942 0.757977
6076.216615 0.679045
6076.225287 0.593540
6076.242633 0.485195
6076.251306 0.467996
6076.259978 0.468293
6076.268651 0.476522
6076.277323 0.486967
6076.285996 0.503818
6076.294669 0.531877
6076.303342 0.575021
6076.312014 0.628222
6076.346705 0.566363
6076.355378 0.548337
6076.364050 0.541931
6076.372723 0.550313
6076.381396 0.566581
6076.390068 0.580031
6076.398741 0.582687
6076.407414 0.577956
6076.416086 0.578975
6076.424759 0.594448
6076.433432 0.629081
6076.442105 0.691186
6076.450777 0.787536
6076.459450 0.891767
6076.468123 0.941650
6076.476795 0.927099
6076.485468 0.888397
6076.494141 0.841532
6076.502814 0.801715
6076.511486 0.784016
6076.520159 0.787367
6076.528832 0.806193
6076.537504 0.838821
6076.546177 0.886736
6076.554850 0.944326
6076.563522 0.989031
6076.572195 1.009202
6076.580868 1.023835
6076.589541 1.047102
6076.598213 1.078581
6076.606886 1.117639
6076.615559 1.164554
6076.624231 1.218834
6076.632904 1.280123
6076.641577 1.348696
6076.650249 1.425564
6076.658922 1.512791
6076.676267 1.736490
6076.684940 1.884553
6076.686332 1.910197
6076.689250 1.964460
6076.692126 2.017354
6076.693613 2.043966
6076.695004 2.068190
6076.697923 2.116465
6076.700799 2.160427
6076.703677 2.201385
6076.706596 2.241175
6076.709472 2.280370
6076.712350 2.321206
6076.715268 2.365439
6076.718144 2.412343
6076.721023 2.462502
6076.723941 2.516143
6076.726817 2.571211
6076.729695 2.628109
6076.732614 2.687556
6076.735490 2.748056
6076.738368 2.810917
6076.741286 2.877474
6076.744163 2.946262
6076.747041 3.018513
6076.749959 3.095530
6076.752835 3.175399
6076.755713 3.259555
6076.758632 3.349587
6076.761508 3.443266
6076.764386 3.542321
6076.767304 3.648550
6076.770181 3.759381
6076.773059 3.876713
6076.775977 4.002751
6076.778853 4.134485
6076.781732 4.274440
6076.784650 4.425253
6076.787526 4.583502
6076.790404 4.752230
6076.793323 4.934793
6076.799077 5.331079
6076.801995 5.551246
6076.807750 6.022995
6076.810668 6.280886
6076.813544 6.547869
6076.816422 6.829172
6076.819341 7.131393
6076.822217 7.449083
6076.825095 7.790540
6076.828013 8.164808
6076.830890 8.565445
6076.833768 9.001582
6076.836686 9.484065
6076.839562 10.003777
6076.842441 10.573002
6076.845359 11.205919
6076.848235 11.891794
6076.851114 12.648215
6076.854032 13.495993
6076.856908 14.422947
6076.859786 15.454941
6076.862705 16.624925
6076.865581 17.918766
6076.868459 19.377284
6076.871236 20.966584
6076.874254 22.933285
6076.877132 25.084907
6076.880050 27.596367
6076.882926 30.462448
6076.885805 33.800984
6076.888723 37.766443
6076.891599 42.372281
6076.894478 47.827515
6076.897396 54.403809
6076.900272 62.127423
6076.903150 71.316883
6076.906069 82.349154
6076.908945 95.053142
6076.911823 109.576960
6076.914741 125.859334
6076.917618 142.790089
6076.920496 159.594227
6076.923414 175.299222
6076.926291 188.423754
6076.929169 198.590248
6076.932087 205.853300
6076.934963 210.588856
6076.937842 213.807809
6076.940760 216.195040
6076.943636 217.614577
6076.946515 217.199966
6076.949433 213.595414
6076.952309 206.009939
6076.955188 194.466150
6076.958105 179.775506
6076.960982 163.854925
6076.963860 147.972411
6076.966778 133.019599
6076.969655 120.038065
6076.972533 109.047237
6076.975451 99.941703
6076.981206 87.455384
6076.984124 83.565107
6076.987000 81.158385
6076.989879 80.091386
6076.992797 80.359702
6076.995673 81.996853
6076.998552 85.106347
6077.001470 89.913488
6077.004346 96.430724
6077.007224 104.792452
6077.010142 115.083354
6077.013019 126.806402
6077.015897 139.781032
6077.018815 153.787511
6077.021692 167.891546
6077.024570 181.608781
6077.027488 194.371070
6077.030365 205.227105
6077.033243 214.032816
6077.036053 220.531910
6077.039037 225.151306
6077.041916 227.457608
6077.044834 227.872386
6077.047710 226.734343
6077.050589 224.286597
6077.056383 214.121498
6077.059262 204.923597
6077.062179 192.040145
6077.065056 176.167171
6077.067934 158.235973
6077.073729 121.496171
6077.076607 105.093626
6077.079525 90.450538
6077.082401 78.065450
6077.085280 67.581749
6077.088197 58.686151
6077.091074 51.361795
6077.093953 45.232025
6077.096870 40.028171
6077.099747 35.707667
6077.102626 32.043633
6077.105543 28.881810
6077.108420 26.208877
6077.111299 23.898875
6077.114216 21.866014
6077.117093 20.112590
6077.119971 18.566723
6077.122889 17.177468
6077.125765 15.956508
6077.128644 14.860303
6077.131562 13.860599
6077.134438 12.971276
6077.137317 12.165231
6077.140234 11.424700
6077.143111 10.760975
6077.145990 10.155611
6077.148907 9.595532
6077.151784 9.089783
6077.154662 8.625079
6077.157580 8.191432
6077.160456 7.797060
6077.163335 7.431717
6077.166252 7.088565
6077.169129 6.774137
6077.172008 6.481090
6077.174925 6.204164
6077.177802 5.948961
6077.180681 5.709827
6077.183598 5.482687
6077.186475 5.272345
6077.192271 4.885443
6077.195149 4.709722
6077.198026 4.543825
6077.200943 4.384840
6077.203821 4.236407
6077.206699 4.095742
6077.209616 3.960535
6077.212494 3.833899
6077.215372 3.713523
6077.218289 3.597479
6077.221167 3.488485
6077.224044 3.384635
6077.226961 3.284226
6077.229840 3.189647
6077.232717 3.099349
6077.235634 3.011839
6077.238512 2.929255
6077.241390 2.850186
6077.244307 2.773427
6077.247185 2.700844
6077.250063 2.631219
6077.252979 2.563527
6077.255858 2.499360
6077.258735 2.437748
6077.261652 2.377708
6077.264530 2.320746
6077.267408 2.265934
6077.270325 2.212465
6077.273203 2.161672
6077.276081 2.112736
6077.277461 2.089905
6077.278998 2.064945
6077.281876 2.019498
6077.284753 1.975688
6077.286134 1.955214
6077.294807 1.834391
6077.303479 1.725962
6077.312152 1.628867
6077.320825 1.542678
6077.329497 1.467960
6077.338170 1.407270
6077.346843 1.366469
6077.355516 1.349364
6077.364188 1.334966
6077.372861 1.283021
6077.381534 1.201528
6077.390207 1.134793
6077.398879 1.104123
6077.407552 1.118100
6077.416225 1.174281
6077.424897 1.219850
6077.433570 1.193217
6077.442243 1.113749
6077.450915 1.013984
6077.459588 0.909194
6077.468261 0.822374
6077.476933 0.762379
6077.485606 0.723371
6077.494279 0.694710
6077.502952 0.663393
6077.511624 0.625019
6077.520297 0.590522
6077.528970 0.567938
6077.537642 0.553666
6077.546315 0.544038
6077.554988 0.535004
6077.563661 0.519154
6077.572333 0.495624
6077.581006 0.471683
6077.589679 0.451700
6077.598351 0.435397
6077.607024 0.421624
6077.615697 0.409757
6077.624369 0.399705
6077.633042 0.391864
6077.641715 0.387134
6077.650388 0.386017
6077.659060 0.385461
6077.667733 0.378363
6077.676406 0.362841
6077.685078 0.345371
6077.702424 0.319723
6077.711096 0.310805
6077.719769 0.303432
6077.728442 0.297317
6077.737115 0.292479
6077.745787 0.289243
6077.754460 0.288406
6077.763133 0.291654
6077.771805 0.301966
6077.780478 0.321466
6077.789151 0.342317
6077.806496 0.327822
6077.815169 0.309987
6077.823842 0.304749
6077.832514 0.311077
6077.841187 0.327530
6077.849860 0.348910
6077.858532 0.351383
6077.867205 0.321312
6077.875878 0.281674
