6076.095197 4.426795
6076.103870 9.278442
6076.112542 8.766862
6076.121215 3.851320
6076.129888 1.299221
6076.138560 0.596449
6076.147233 0.370590
6076.164578 0.225379
6076.173251 0.213389
6076.181924 0.261728
6076.190597 0.453123
6076.199269 0.750579
6076.207942 0.782771
6076.216615 0.516045
6076.225287 0.327367
6076.242633 0.151659
6076.251306 0.139755
6076.259978 0.162276
6076.268651 0.204560
6076.277323 0.205736
6076.285996 0.204576
6076.294669 0.247711
6076.303342 0.296714
6076.312014 0.443931
6076.346705 0.294031
6076.355378 0.238959
6076.364050 0.185915
6076.372723 0.199045
6076.381396 0.240231
6076.390068 0.278735
6076.398741 0.283152
6076.407414 0.216898
6076.416086 0.170903
6076.424759 0.163093
6076.433432 0.171941
6076.442105 0.202052
6076.450777 0.314907
6076.459450 0.607593
6076.468123 0.781307
6076.476795 0.614946
6076.485468 0.532358
6076.494141 0.420847
6076.502814 0.275930
6076.511486 0.223109
6076.520159 0.214120
6076.528832 0.217216
6076.537504 0.228955
6076.546177 0.266114
6076.554850 0.362229
6076.563522 0.430547
6076.572195 0.367445
6076.580868 0.315476
6076.589541 0.313366
6076.598213 0.305875
6076.606886 0.301741
6076.615559 0.309586
6076.624231 0.322813
6076.632904 0.338592
6076.641577 0.356480
6076.650249 0.376664
6076.658922 0.399813
6076.676267 0.467996
6076.684940 0.556206
6076.686332 0.579741
6076.689250 0.638946
6076.692126 0.706494
6076.693613 0.741885
6076.695004 0.773114
6076.697923 0.825326
6076.700799 0.849585
6076.703677 0.843341
6076.706596 0.813243
6076.709472 0.774679
6076.712350 0.742111
6076.715268 0.725420
6076.718144 0.728279
6076.721023 0.747514
6076.723941 0.776479
6076.726817 0.805334
6076.729695 0.826838
6076.732614 0.837775
6076.735490 0.840080
6076.738368 0.839766
6076.741286 0.842510
6076.744163 0.850741
6076.747041 0.863402
6076.749959 0.877899
6076.752835 0.891645
6076.755713 0.904627
6076.758632 0.918433
6076.761508 0.934458
6076.764386 0.953948
6076.767304 0.977212
6076.770181 1.002935
6076.773059 1.030795
6076.775977 1.061018
6076.778853 1.093027
6076.781732 1.127810
6076.784650 1.166484
6076.787526 1.208709
6076.790404 1.256136
6076.793323 1.311300
6076.799077 1.450486
6076.801995 1.539730
6076.807750 1.737051
6076.810668 1.829882
6076.813544 1.904997
6076.816422 1.962290
6076.819341 2.008464
6076.822217 2.053010
6076.825095 2.106869
6076.828013 2.177316
6076.830890 2.264296
6076.833768 2.368000
6076.836686 2.488827
6076.839562 2.622579
6076.842441 2.771185
6076.845359 2.937804
6076.848235 3.119426
6076.851114 3.320744
6076.854032 3.547541
6076.856908 3.796929
6076.859786 4.076377
6076.862705 4.395622
6076.865581 4.751891
6076.868459 5.157884
6076.871236 5.606001
6076.874254 6.169525
6076.877132 6.798524
6076.880050 7.550947
6076.882926 8.436291
6076.885805 9.507845
6076.888723 10.844629
6076.891599 12.497923
6076.894478 14.620248
6076.897396 17.461778
6076.900272 21.281321
6076.903150 26.669946
6076.906069 34.669726
6076.908945 46.511835
6076.911823 64.412115
6076.914741 91.332743
6076.917618 128.441196
6076.920496 175.327796
6076.923414 227.445468
6076.926291 273.889558
6076.929169 305.695903
6076.932087 317.807281
6076.934963 312.496419
6076.937842 299.765034
6076.940760 292.442100
6076.943636 299.896132
6076.946515 320.530733
6076.949433 341.163979
6076.952309 343.120265
6076.955188 316.847507
6076.958105 266.395163
6076.960982 207.546603
6076.963860 153.158439
6076.966778 109.759691
6076.969655 79.495319
6076.972533 59.388144
6076.975451 46.306873
6076.981206 32.796502
6076.984124 29.372543
6076.987000 27.320901
6076.989879 26.288061
6076.992797 26.175170
6076.995673 27.010485
6076.998552 28.927176
6077.001470 32.260100
6077.004346 37.436863
6077.007224 45.401253
6077.010142 57.739595
6077.013019 75.853666
6077.015897 101.343583
6077.018815 134.652101
6077.021692 171.741288
6077.024570 206.481930
6077.027488 231.620040
6077.030365 243.350963
6077.033243 246.629511
6077.036053 249.881948
6077.039037 259.211689
6077.041916 272.599025
6077.044834 284.777675
6077.047710 292.274925
6077.050589 298.743703
6077.056383 328.637678
6077.059262 343.150099
6077.062179 338.993965
6077.065056 307.775889
6077.067934 255.101358
6077.073729 140.425977
6077.076607 98.334101
6077.079525 68.250745
6077.082401 48.538244
6077.085280 35.684198
6077.088197 27.172734
6077.091074 21.536428
6077.093953 17.594636
6077.096870 14.700538
6077.099747 12.559652
6077.102626 10.902938
6077.105543 9.577550
6077.108420 8.528834
6077.111299 7.677428
6077.114216 6.973349
6077.117093 6.398690
6077.119971 5.907922
6077.122889 5.463489
6077.125765 5.054177
6077.128644 4.662705
6077.131562 4.286820
6077.134438 3.945429
6077.137317 3.639979
6077.140234 3.369711
6077.143111 3.138806
6077.145990 2.937539
6077.148907 2.758015
6077.151784 2.600133
6077.154662 2.457681
6077.157580 2.326445
6077.160456 2.208220
6077.163335 2.099498
6077.166252 1.997995
6077.169129 1.905469
6077.172008 1.819619
6077.174925 1.738817
6077.177802 1.664622
6077.180681 1.595326
6077.183598 1.529705
6077.186475 1.469106
6077.192271 1.358058
6077.195149 1.307798
6077.198026 1.260447
6077.200943 1.215158
6077.203821 1.172953
6077.206699 1.133026
6077.209616 1.094712
6077.212494 1.058883
6077.215372 1.024875
6077.218289 0.992136
6077.221167 0.961427
6077.224044 0.932205
6077.226961 0.903984
6077.229840 0.877432
6077.232717 0.852110
6077.235634 0.827595
6077.238512 0.804483
6077.241390 0.782375
6077.244307 0.760933
6077.247185 0.740675
6077.250063 0.721259
6077.252979 0.702396
6077.255858 0.684530
6077.258735 0.667387
6077.261652 0.650694
6077.264530 0.634867
6077.267408 0.619647
6077.270325 0.604810
6077.273203 0.590723
6077.276081 0.577160
6077.277461 0.570834
6077.278998 0.563921
6077.281876 0.551339
6077.284753 0.539216
6077.286134 0.533553
6077.294807 0.500164
6077.303479 0.470251
6077.312152 0.443533
6077.320825 0.419947
6077.329497 0.399902
6077.338170 0.385527
6077.346843 0.389245
6077.355516 0.462809
6077.364188 0.604119
6077.372861 0.565612
6077.381534 0.400455
6077.390207 0.326964
6077.398879 0.306991
6077.407552 0.314805
6077.416225 0.415856
6077.424897 0.713299
6077.433570 0.902891
6077.442243 0.806622
6077.450915 0.654121
6077.459588 0.408450
6077.468261 0.265036
6077.476933 0.220806
6077.485606 0.213946
6077.494279 0.239509
6077.502952 0.256247
6077.511624 0.202854
6077.520297 0.158829
6077.528970 0.154902
6077.537642 0.154003
6077.546315 0.161519
6077.554988 0.191258
6077.563661 0.205251
6077.572333 0.168580
6077.581006 0.136354
6077.589679 0.124018
6077.598351 0.118181
6077.607024 0.114049
6077.615697 0.110697
6077.624369 0.107984
6077.633042 0.106179
6077.641715 0.106736
6077.650388 0.116663
6077.659060 0.148578
6077.667733 0.170554
6077.676406 0.138714
6077.685078 0.104633
6077.702424 0.086957
6077.711096 0.084027
6077.719769 0.081835
6077.728442 0.080088
6077.737115 0.078735
6077.745787 0.077866
6077.754460 0.077783
6077.763133 0.079399
6077.771805 0.086524
6077.780478 0.117566
6077.789151 0.204268
6077.806496 0.182949
6077.815169 0.114914
6077.823842 0.114660
6077.832514 0.138148
6077.841187 0.152354
6077.849860 0.228441
6077.858532 0.323694
6077.867205 0.242209
6077.875878 0.122002
