6076.095197 2.129357
6076.103870 2.137199
6076.112542 2.112614
6076.121215 2.062527
6076.129888 1.996458
6076.138560 1.923899
6076.147233 1.852418
6076.164578 1.730077
6076.173251 1.682255
6076.181924 1.642902
6076.190597 1.610861
6076.199269 1.584972
6076.207942 1.564382
6076.216615 1.548665
6076.225287 1.537727
6076.242633 1.530469
6076.251306 1.534205
6076.259978 1.542701
6076.268651 1.555704
6076.277323 1.572852
6076.285996 1.593666
6076.294669 1.617506
6076.303342 1.643571
6076.312014 1.670999
6076.346705 1.787771
6076.355378 1.820689
6076.364050 1.856389
6076.372723 1.895302
6076.381396 1.937708
6076.390068 1.983834
6076.398741 2.033916
6076.407414 2.088133
6076.416086 2.146536
6076.424759 2.208962
6076.433432 2.274917
6076.442105 2.343630
6076.450777 2.414234
6076.459450 2.486100
6076.468123 2.559087
6076.476795 2.633674
6076.485468 2.710885
6076.494141 2.791990
6076.502814 2.878275
6076.511486 2.970860
6076.520159 3.070638
6076.528832 3.178213
6076.537504 3.293956
6076.546177 3.418131
6076.554850 3.550921
6076.563522 3.692653
6076.572195 3.843987
6076.580868 4.005890
6076.589541 4.179625
6076.598213 4.366610
6076.606886 4.568417
6076.615559 4.786625
6076.624231 5.022894
6076.632904 5.279100
6076.641577 5.557200
6076.650249 5.859323
6076.658922 6.187902
6076.676267 6.934962
6076.684940 7.359816
6076.686332 7.431561
6076.689250 7.585342
6076.692126 7.741542
6076.693613 7.824172
6076.695004 7.902652
6076.697923 8.071178
6076.700799 8.242486
6076.703677 8.419386
6076.706596 8.604656
6076.709472 8.793232
6076.712350 8.988220
6076.715268 9.192641
6076.718144 9.401064
6076.721023 9.616947
6076.723941 9.843512
6076.726817 10.074832
6076.729695 10.314676
6076.732614 10.566908
6076.735490 10.824703
6076.738368 11.092359
6076.741286 11.374125
6076.744163 11.662696
6076.747041 11.962608
6076.749959 12.278756
6076.752835 12.602862
6076.755713 12.940271
6076.758632 13.296551
6076.761508 13.662166
6076.764386 14.043296
6076.767304 14.446142
6076.770181 14.860385
6076.773059 15.292634
6076.775977 15.750124
6076.778853 16.221020
6076.781732 16.713380
6076.784650 17.235012
6076.787526 17.772644
6076.790404 18.335325
6076.793323 18.932665
6076.799077 20.194762
6076.801995 20.881025
6076.807750 22.334587
6076.810668 23.126314
6076.813544 23.945469
6076.816422 24.806013
6076.819341 25.722934
6076.822217 26.672295
6076.825095 27.670564
6076.828013 28.734746
6076.830890 29.838100
6076.833768 30.998506
6076.836686 32.235937
6076.839562 33.518593
6076.842441 34.868301
6076.845359 36.306464
6076.848235 37.796022
6076.851114 39.361647
6076.854032 41.027247
6076.856908 42.748848
6076.859786 44.553124
6076.862705 46.467927
6076.865581 48.439018
6076.868459 50.495667
6076.871236 52.559407
6076.874254 54.888840
6076.877132 57.191443
6076.880050 59.602885
6076.882926 62.049933
6076.885805 64.562631
6076.888723 67.165271
6076.891599 69.775581
6076.894478 72.422085
6076.897396 75.125486
6076.900272 77.796462
6076.903150 80.460484
6076.906069 83.137029
6076.908945 85.732476
6076.911823 88.271792
6076.914741 90.770820
6076.917618 93.144981
6076.920496 95.416998
6076.923414 97.603068
6076.926291 99.632285
6076.929169 101.528722
6076.932087 103.309040
6076.934963 104.919473
6076.937842 106.386538
6076.940760 107.726155
6076.943636 108.904570
6076.946515 109.948803
6076.949433 110.877317
6076.952309 111.675194
6076.955188 112.370027
6076.958105 112.982799
6076.960982 113.513012
6076.963860 113.986037
6076.966778 114.423674
6076.969655 114.829481
6076.972533 115.224161
6076.975451 115.625393
6076.981206 116.456598
6076.984124 116.909310
6076.987000 117.378000
6076.989879 117.867704
6076.992797 118.382922
6076.995673 118.911557
6076.998552 119.472552
6077.001470 120.091201
6077.004346 120.753558
6077.007224 121.423338
6077.010142 121.992161
6077.013019 122.289315
6077.015897 122.210112
6077.018815 121.736069
6077.021692 120.967743
6077.024570 120.008372
6077.027488 118.901566
6077.030365 117.673112
6077.033243 116.266752
6077.036053 114.680970
6077.039037 112.738071
6077.041916 110.602100
6077.044834 108.184072
6077.047710 105.574084
6077.050589 102.768109
6077.056383 96.685831
6077.059262 93.520360
6077.062179 90.259770
6077.065056 87.018439
6077.067934 83.774289
6077.073729 77.318821
6077.076607 74.185847
6077.079525 71.078718
6077.082401 68.096503
6077.085280 65.200440
6077.088197 62.364761
6077.091074 59.670599
6077.093953 57.080162
6077.096870 54.565270
6077.099747 52.193642
6077.102626 49.927925
6077.105543 47.740465
6077.108420 45.687321
6077.111299 43.733550
6077.114216 41.853405
6077.117093 40.093359
6077.119971 38.422530
6077.122889 36.816108
6077.125765 35.315063
6077.128644 33.890189
6077.131562 32.521300
6077.134438 31.242354
6077.137317 30.028129
6077.140234 28.861562
6077.143111 27.770261
6077.145990 26.733782
6077.148907 25.737087
6077.151784 24.803739
6077.154662 23.916576
6077.157580 23.061822
6077.160456 22.260897
6077.163335 21.498030
6077.166252 20.762487
6077.169129 20.071769
6077.172008 19.413118
6077.174925 18.777079
6077.177802 18.178867
6077.180681 17.607535
6077.183598 17.054939
6077.186475 16.534385
6077.192271 15.554058
6077.195149 15.098776
6077.198026 14.663039
6077.200943 14.239971
6077.203821 13.840055
6077.206699 13.456598
6077.209616 13.083864
6077.212494 12.731005
6077.215372 12.392178
6077.218289 12.062353
6077.221167 11.749673
6077.224044 11.449117
6077.226961 11.156041
6077.229840 10.877735
6077.232717 10.609964
6077.235634 10.348522
6077.238512 10.100027
6077.241390 9.860480
6077.244307 9.626396
6077.247185 9.403641
6077.250063 9.188662
6077.252979 8.978421
6077.255858 8.777999
6077.258735 8.584503
6077.261652 8.394946
6077.264530 8.214185
6077.267408 8.039381
6077.270325 7.868035
6077.273203 7.704491
6077.276081 7.546200
6077.277461 7.472101
6077.278998 7.390909
6077.281876 7.242570
6077.284753 7.098935
6077.286134 7.031587
6077.294807 6.631032
6077.303479 6.266184
6077.312152 5.933290
6077.320825 5.629190
6077.329497 5.351079
6077.338170 5.096269
6077.346843 4.862252
6077.355516 4.646509
6077.364188 4.446603
6077.372861 4.260207
6077.381534 4.085316
6077.390207 3.920134
6077.398879 3.763082
6077.407552 3.612842
6077.416225 3.468638
6077.424897 3.330217
6077.433570 3.197619
6077.442243 3.071036
6077.450915 2.950597
6077.459588 2.836286
6077.468261 2.728030
6077.476933 2.625652
6077.485606 2.528871
6077.494279 2.437417
6077.502952 2.351041
6077.511624 2.269540
6077.520297 2.192688
6077.528970 2.120220
6077.537642 2.051784
6077.546315 1.986957
6077.554988 1.925363
6077.563661 1.866707
6077.572333 1.810796
6077.581006 1.757493
6077.589679 1.706716
6077.598351 1.658385
6077.607024 1.612387
6077.615697 1.568602
6077.624369 1.526884
6077.633042 1.487055
6077.641715 1.448945
6077.650388 1.412387
6077.659060 1.377256
6077.667733 1.343467
6077.676406 1.311004
6077.685078 1.279890
6077.702424 1.221858
6077.711096 1.195019
6077.719769 1.169650
6077.728442 1.145751
6077.737115 1.123275
6077.745787 1.102148
6077.754460 1.082231
6077.763133 1.063323
6077.771805 1.045179
6077.780478 1.027539
6077.789151 1.010213
6077.806496 0.976191
6077.815169 0.959485
6077.823842 0.942919
6077.832514 0.926327
6077.841187 0.909481
6077.849860 0.892204
6077.858532 0.874470
6077.867205 0.856429
6077.875878 0.838360
