6076.095197 4.431656
6076.103870 9.286949
6076.112542 8.774456
6076.121215 3.855213
6076.129888 1.301319
6076.138560 0.597681
6076.147233 0.371383
6076.164578 0.225816
6076.173251 0.213738
6076.181924 0.261942
6076.190597 0.453058
6076.199269 0.750388
6076.207942 0.782776
6076.216615 0.516154
6076.225287 0.327497
6076.242633 0.151838
6076.251306 0.139911
6076.259978 0.162341
6076.268651 0.204494
6076.277323 0.205690
6076.285996 0.204629
6076.294669 0.247777
6076.303342 0.296746
6076.312014 0.443846
6076.346705 0.294196
6076.355378 0.239136
6076.364050 0.186090
6076.372723 0.199177
6076.381396 0.240261
6076.390068 0.278587
6076.398741 0.282945
6076.407414 0.216884
6076.416086 0.171045
6076.424759 0.163280
6076.433432 0.172138
6076.442105 0.202234
6076.450777 0.314939
6076.459450 0.607199
6076.468123 0.780663
6076.476795 0.614598
6076.485468 0.532275
6076.494141 0.420902
6076.502814 0.276135
6076.511486 0.223378
6076.520159 0.214405
6076.528832 0.217513
6076.537504 0.229264
6076.546177 0.266426
6076.554850 0.362526
6076.563522 0.430806
6076.572195 0.367696
6076.580868 0.315752
6076.589541 0.313648
6076.598213 0.306213
6076.606886 0.302143
6076.615559 0.310021
6076.624231 0.323273
6076.632904 0.339075
6076.641577 0.356988
6076.650249 0.377200
6076.658922 0.400378
6076.676267 0.468609
6076.684940 0.556756
6076.686332 0.580264
6076.689250 0.639398
6076.692126 0.706865
6076.693613 0.742213
6076.695004 0.773407
6076.697923 0.825567
6076.700799 0.849819
6076.703677 0.843616
6076.706596 0.813605
6076.709472 0.775150
6076.712350 0.742691
6076.715268 0.726093
6076.718144 0.729016
6076.721023 0.748291
6076.723941 0.777281
6076.726817 0.806154
6076.729695 0.827682
6076.732614 0.838653
6076.735490 0.841004
6076.738368 0.840745
6076.741286 0.843549
6076.744163 0.851838
6076.747041 0.864551
6076.749959 0.879090
6076.752835 0.892870
6076.755713 0.905879
6076.758632 0.919712
6076.761508 0.935765
6076.764386 0.955286
6076.767304 0.978586
6076.770181 1.004349
6076.773059 1.032252
6076.775977 1.062521
6076.778853 1.094581
6076.781732 1.129415
6076.784650 1.168146
6076.787526 1.210426
6076.790404 1.257908
6076.793323 1.313124
6076.799077 1.452398
6076.801995 1.541677
6076.807750 1.739083
6076.810668 1.831983
6076.813544 1.907193
6076.816422 1.964610
6076.819341 2.010934
6076.822217 2.055648
6076.825095 2.109685
6076.828013 2.180316
6076.830890 2.267478
6076.833768 2.371368
6076.836686 2.492390
6076.839562 2.626346
6076.842441 2.775172
6076.845359 2.942034
6076.848235 3.123918
6076.851114 3.325525
6076.854032 3.552647
6076.856908 3.802390
6076.859786 4.082235
6076.862705 4.401934
6076.865581 4.758701
6076.868459 5.165263
6076.871236 5.614002
6076.874254 6.178303
6076.877132 6.808158
6076.880050 7.561592
6076.882926 8.448102
6076.885805 9.521033
6076.888723 10.859475
6076.891599 12.514722
6076.894478 14.639379
6076.897396 17.483715
6076.900272 21.306465
6076.903150 26.698625
6076.906069 34.701965
6076.908945 46.546866
6076.911823 64.448311
6076.914741 91.367790
6076.917618 128.473057
6076.920496 175.355341
6076.923414 227.467705
6076.926291 273.904771
6076.929169 305.702216
6076.932087 317.804238
6076.934963 312.485474
6076.937842 299.748977
6076.940760 292.425967
6076.943636 299.886106
6076.946515 320.530065
6076.949433 341.169254
6076.952309 343.122687
6076.955188 316.841332
6076.958105 266.384107
6076.960982 207.540705
6076.963860 153.165384
6076.966778 109.780982
6076.969655 79.527202
6076.972533 59.425724
6076.975451 46.346229
6076.981206 32.833903
6076.984124 29.408391
6076.987000 27.355503
6076.989879 26.321856
6076.992797 26.208672
6076.995673 27.044280
6076.998552 28.961856
6077.001470 32.296131
6077.004346 37.474235
6077.007224 45.439247
6077.010142 57.776658
6077.013019 75.887898
6077.015897 101.373826
6077.018815 134.679232
6077.021692 171.768492
6077.024570 206.512161
6077.027488 231.652870
6077.030365 243.383118
6077.033243 246.659877
6077.036053 249.913670
6077.039037 259.248876
6077.041916 272.640220
6077.044834 284.814475
6077.047710 292.297329
6077.050589 298.748124
6077.056383 328.625348
6077.059262 343.137799
6077.062179 338.977936
6077.065056 307.751772
6077.067934 255.072909
6077.073729 140.417469
6077.076607 98.340729
6077.079525 68.268726
6077.082401 48.562040
6077.085280 35.709519
6077.088197 27.197012
6077.091074 21.558562
6077.093953 17.614362
6077.096870 14.717956
6077.099747 12.575057
6077.102626 10.916606
6077.105543 9.589711
6077.108420 8.539715
6077.111299 7.687193
6077.114216 6.982123
6077.117093 6.406607
6077.119971 5.915093
6077.122889 5.470015
6077.125765 5.060175
6077.128644 4.668272
6077.131562 4.292032
6077.134438 3.950350
6077.137317 3.644644
6077.140234 3.374136
6077.143111 3.143004
6077.145990 2.941518
6077.148907 2.761781
6077.151784 2.603702
6077.154662 2.461066
6077.157580 2.329657
6077.160456 2.211274
6077.163335 2.102405
6077.166252 2.000765
6077.169129 1.908112
6077.172008 1.822145
6077.174925 1.741232
6077.177802 1.666935
6077.180681 1.597545
6077.183598 1.531833
6077.186475 1.471151
6077.192271 1.359949
6077.195149 1.309619
6077.198026 1.262202
6077.200943 1.216850
6077.203821 1.174587
6077.206699 1.134605
6077.209616 1.096237
6077.212494 1.060358
6077.215372 1.026303
6077.218289 0.993519
6077.221167 0.962767
6077.224044 0.933504
6077.226961 0.905243
6077.229840 0.878655
6077.232717 0.853297
6077.235634 0.828748
6077.238512 0.805604
6077.241390 0.783465
6077.244307 0.761993
6077.247185 0.741707
6077.250063 0.722263
6077.252979 0.703374
6077.255858 0.685483
6077.258735 0.668316
6077.261652 0.651599
6077.264530 0.635750
6077.267408 0.620509
6077.270325 0.605651
6077.273203 0.591545
6077.276081 0.577962
6077.277461 0.571627
6077.278998 0.564705
6077.281876 0.552105
6077.284753 0.539965
6077.286134 0.534293
6077.294807 0.500857
6077.303479 0.470902
6077.312152 0.444144
6077.320825 0.420523
6077.329497 0.400446
6077.338170 0.386040
6077.346843 0.389707
6077.355516 0.463124
6077.364188 0.604234
6077.372861 0.565733
6077.381534 0.400742
6077.390207 0.327327
6077.398879 0.307361
6077.407552 0.315173
6077.416225 0.416176
6077.424897 0.713388
6077.433570 0.902601
6077.442243 0.806293
6077.450915 0.654004
6077.459588 0.408572
6077.468261 0.265288
6077.476933 0.221078
6077.485606 0.214223
6077.494279 0.239808
6077.502952 0.256581
6077.511624 0.203217
6077.520297 0.159182
6077.528970 0.155170
6077.537642 0.154208
6077.546315 0.161667
6077.554988 0.191291
6077.563661 0.205218
6077.572333 0.168633
6077.581006 0.136488
6077.589679 0.124171
6077.598351 0.118333
6077.607024 0.114198
6077.615697 0.110841
6077.624369 0.108123
6077.633042 0.106312
6077.641715 0.106859
6077.650388 0.116746
6077.659060 0.148554
6077.667733 0.170452
6077.676406 0.138693
6077.685078 0.104708
6077.702424 0.087063
6077.711096 0.084132
6077.719769 0.081937
6077.728442 0.080187
6077.737115 0.078832
6077.745787 0.077959
6077.754460 0.077871
6077.763133 0.079481
6077.771805 0.086585
6077.780478 0.117536
6077.789151 0.203977
6077.806496 0.182701
6077.815169 0.114874
6077.823842 0.114616
6077.832514 0.138030
6077.841187 0.152193
6077.849860 0.228054
6077.858532 0.323020
6077.867205 0.241752
6077.875878 0.121901
