6076.095197 2.431742
6076.103870 2.459154
6076.112542 2.379203
6076.121215 2.220613
6076.129888 2.026938
6076.138560 1.835651
6076.147233 1.668667
6076.164578 1.431379
6076.173251 1.355625
6076.181924 1.299959
6076.190597 1.257078
6076.199269 1.220845
6076.207942 1.187695
6076.216615 1.156998
6076.225287 1.130068
6076.242633 1.094162
6076.251306 1.086820
6076.259978 1.086334
6076.268651 1.092048
6076.277323 1.103319
6076.285996 1.119550
6076.294669 1.139882
6076.303342 1.162637
6076.312014 1.185037
6076.346705 1.242435
6076.355378 1.256829
6076.364050 1.274885
6076.372723 1.296692
6076.381396 1.321849
6076.390068 1.350085
6076.398741 1.381679
6076.407414 1.417482
6076.416086 1.458596
6076.424759 1.505832
6076.433432 1.559049
6076.442105 1.616529
6076.450777 1.674795
6076.459450 1.729701
6076.468123 1.778552
6076.476795 1.821591
6076.485468 1.861543
6076.494141 1.902078
6076.502814 1.946597
6076.511486 1.997559
6076.520159 2.056347
6076.528832 2.123429
6076.537504 2.198581
6076.546177 2.280959
6076.554850 2.369160
6076.563522 2.461891
6076.572195 2.558974
6076.580868 2.661631
6076.589541 2.771842
6076.598213 2.891468
6076.606886 3.022021
6076.615559 3.164723
6076.624231 3.320749
6076.632904 3.491451
6076.641577 3.678333
6076.650249 3.883119
6076.658922 4.107747
6076.676267 4.623309
6076.684940 4.916735
6076.686332 4.966146
6076.689250 5.071873
6076.692126 5.179001
6076.693613 5.235564
6076.695004 5.289222
6076.697923 5.404244
6076.700799 5.520929
6076.703677 5.641231
6076.706596 5.767088
6076.709472 5.895119
6076.712350 6.027500
6076.715268 6.166347
6076.718144 6.308034
6076.721023 6.454971
6076.723941 6.609415
6076.726817 6.767388
6076.729695 6.931516
6076.732614 7.104516
6076.735490 7.281777
6076.738368 7.466316
6076.741286 7.661155
6076.744163 7.861327
6076.747041 8.070055
6076.749959 8.290864
6076.752835 8.518076
6076.755713 8.755535
6076.758632 9.007307
6076.761508 9.266786
6076.764386 9.538481
6076.767304 9.826998
6076.770181 10.125121
6076.773059 10.437766
6076.775977 10.770404
6076.778853 11.114658
6076.781732 11.476625
6076.784650 11.862361
6076.787526 12.262342
6076.790404 12.683572
6076.793323 13.133663
6076.799077 14.094503
6076.801995 14.622594
6076.807750 15.754459
6076.810668 16.378760
6076.813544 17.030669
6076.816422 17.722268
6076.819341 18.467043
6076.822217 19.247021
6076.825095 20.077241
6076.828013 20.974034
6076.830890 21.917085
6076.833768 22.923936
6076.836686 24.015157
6076.839562 25.165984
6076.842441 26.399353
6076.845359 27.739641
6076.848235 29.157157
6076.851114 30.680346
6076.854032 32.339592
6076.856908 34.098203
6076.859786 35.990605
6076.862705 38.056290
6076.865581 40.246796
6076.868459 42.604400
6076.871236 45.046834
6076.874254 47.899419
6076.877132 50.822306
6076.880050 53.996698
6076.882926 57.339466
6076.885805 60.901531
6076.888723 64.730664
6076.891599 68.713060
6076.894478 72.892783
6076.897396 77.303881
6076.900272 81.792735
6076.903150 86.385375
6076.906069 91.096884
6076.908945 95.735355
6076.911823 100.311795
6076.914741 104.818947
6076.917618 109.066350
6076.920496 113.058484
6076.923414 116.787961
6076.926291 120.105653
6076.929169 123.032452
6076.932087 125.573918
6076.934963 127.641927
6076.937842 129.267094
6076.940760 130.455261
6076.943636 131.176860
6076.946515 131.464962
6076.949433 131.339747
6076.952309 130.845922
6076.955188 130.038395
6076.958105 128.969776
6076.960982 127.745940
6076.963860 126.433601
6076.966778 125.095042
6076.969655 123.843814
6076.972533 122.728868
6076.975451 121.798867
6076.981206 120.745678
6076.984124 120.678597
6076.987000 120.950535
6076.989879 121.571224
6076.992797 122.562645
6076.995673 123.901381
6076.998552 125.607783
6077.001470 127.716431
6077.004346 130.150326
6077.007224 132.862761
6077.010142 135.734573
6077.013019 138.474724
6077.015897 140.939806
6077.018815 143.059220
6077.021692 144.759353
6077.024570 146.071887
6077.027488 146.960224
6077.030365 147.310712
6077.033243 147.048087
6077.036053 146.145522
6077.039037 144.475346
6077.041916 142.191721
6077.044834 139.246799
6077.047710 135.775521
6077.050589 131.793584
6077.056383 122.510787
6077.059262 117.416916
6077.062179 112.039181
6077.065056 106.604036
6077.067934 101.116133
6077.073729 90.201334
6077.076607 84.969032
6077.079525 79.855633
6077.082401 75.037766
6077.085280 70.458037
6077.088197 66.079434
6077.091074 62.024167
6077.093953 58.226892
6077.096870 54.639676
6077.099747 51.348806
6077.102626 48.289633
6077.105543 45.415318
6077.108420 42.788416
6077.111299 40.352253
6077.114216 38.066081
6077.117093 35.977191
6077.119971 34.039529
6077.122889 32.217688
6077.125765 30.551312
6077.128644 29.001197
6077.131562 27.540672
6077.134438 26.201168
6077.137317 24.951555
6077.140234 23.771011
6077.143111 22.684180
6077.145990 21.667464
6077.148907 20.703863
6077.151784 19.813889
6077.154662 18.978931
6077.157580 18.184485
6077.160456 17.448884
6077.163335 16.756084
6077.166252 16.095268
6077.169129 15.481063
6077.172008 14.901033
6077.174925 14.346103
6077.177802 13.828784
6077.180681 13.338835
6077.183598 12.868753
6077.186475 12.429308
6077.192271 11.610525
6077.195149 11.234128
6077.198026 10.876155
6077.200943 10.530690
6077.203821 10.206021
6077.206699 9.896425
6077.209616 9.597077
6077.212494 9.315130
6077.215372 9.045697
6077.218289 8.784641
6077.221167 8.538258
6077.224044 8.302433
6077.226961 8.073421
6077.229840 7.856806
6077.232717 7.649175
6077.235634 7.447190
6077.238512 7.255879
6077.241390 7.072075
6077.244307 6.893046
6077.247185 6.723215
6077.250063 6.559805
6077.252979 6.400463
6077.255858 6.248992
6077.258735 6.103152
6077.261652 5.960660
6077.264530 5.825129
6077.267408 5.694391
6077.270325 5.566552
6077.273203 5.444826
6077.276081 5.327283
6077.277461 5.272352
6077.278998 5.212233
6077.281876 5.102584
6077.284753 4.996650
6077.286134 4.947062
6077.294807 4.653282
6077.303479 4.387598
6077.312152 4.147143
6077.320825 3.929691
6077.329497 3.733420
6077.338170 3.556593
6077.346843 3.397218
6077.355516 3.252483
6077.364188 3.118978
6077.372861 2.994048
6077.381534 2.877228
6077.390207 2.769300
6077.398879 2.669645
6077.407552 2.574742
6077.416225 2.479942
6077.424897 2.382700
6077.433570 2.283712
6077.442243 2.185295
6077.450915 2.089616
6077.459588 1.998276
6077.468261 1.912406
6077.476933 1.832467
6077.485606 1.758158
6077.494279 1.688781
6077.502952 1.623737
6077.511624 1.562936
6077.520297 1.506621
6077.528970 1.454825
6077.537642 1.406971
6077.546315 1.362066
6077.554988 1.319196
6077.563661 1.277839
6077.572333 1.237945
6077.581006 1.199735
6077.589679 1.163470
6077.598351 1.129291
6077.607024 1.097201
6077.615697 1.067132
6077.624369 1.038952
6077.633042 1.012445
6077.641715 0.987300
6077.650388 0.963099
6077.659060 0.939437
6077.667733 0.916081
6077.676406 0.893104
6077.685078 0.870796
6077.702424 0.829414
6077.711096 0.810733
6077.719769 0.793523
6077.728442 0.777858
6077.737115 0.763816
6077.745787 0.751479
6077.754460 0.740864
6077.763133 0.731803
6077.771805 0.723791
6077.780478 0.715961
6077.789151 0.707398
6077.806496 0.687298
6077.815169 0.677043
6077.823842 0.667536
6077.832514 0.658604
6077.841187 0.649239
6077.849860 0.638071
6077.858532 0.624258
6077.867205 0.608149
6077.875878 0.591021
