6076.095197 2.207534
6076.103870 2.217399
6076.112542 2.174103
6076.121215 2.090234
6076.129888 1.983738
6076.138560 1.871662
6076.147233 1.766283
6076.164578 1.598280
6076.173251 1.537126
6076.181924 1.488500
6076.190597 1.449414
6076.199269 1.417252
6076.207942 1.390323
6076.216615 1.367998
6076.225287 1.350409
6076.242633 1.331100
6076.251306 1.329844
6076.259978 1.334056
6076.268651 1.343396
6076.277323 1.357411
6076.285996 1.375529
6076.294669 1.396930
6076.303342 1.420437
6076.312014 1.444593
6076.346705 1.535351
6076.355378 1.560180
6076.364050 1.587892
6076.372723 1.618888
6076.381396 1.653319
6076.390068 1.691338
6076.398741 1.733237
6076.407414 1.779401
6076.416086 1.830144
6076.424759 1.885477
6076.433432 1.944818
6076.442105 2.006905
6076.450777 2.070003
6076.459450 2.132532
6076.468123 2.193741
6076.476795 2.254094
6076.485468 2.315081
6076.494141 2.378653
6076.502814 2.446723
6076.511486 2.520825
6076.520159 2.602024
6076.528832 2.690880
6076.537504 2.787540
6076.546177 2.891873
6076.554850 3.003562
6076.563522 3.122458
6076.572195 3.248944
6076.580868 3.383971
6076.589541 3.528928
6076.598213 3.685322
6076.606886 3.854699
6076.615559 4.038513
6076.624231 4.238251
6076.632904 4.455579
6076.641577 4.692253
6076.650249 4.950183
6076.658922 5.231498
6076.676267 5.872868
6076.684940 6.237758
6076.686332 6.299348
6076.689250 6.431325
6076.692126 6.565331
6076.693613 6.636200
6076.695004 6.703501
6076.697923 6.847989
6076.700799 6.994838
6076.703677 7.146469
6076.706596 7.305285
6076.709472 7.466966
6076.712350 7.634199
6076.715268 7.809608
6076.718144 7.988559
6076.721023 8.174049
6076.723941 8.368880
6076.726817 8.567988
6076.729695 8.774648
6076.732614 8.992230
6076.735490 9.214884
6076.738368 9.446360
6076.741286 9.690382
6076.744163 9.940670
6076.747041 10.201203
6076.749959 10.476296
6076.752835 10.758804
6076.755713 11.053442
6076.758632 11.365153
6076.761508 11.685670
6076.764386 12.020480
6076.767304 12.375134
6076.770181 12.740647
6076.773059 13.122940
6076.775977 13.528550
6076.778853 13.947109
6076.781732 14.385901
6076.784650 14.852065
6076.787526 15.333910
6076.790404 15.839709
6076.793323 16.378343
6076.799077 17.522125
6076.801995 18.147334
6076.807750 19.479322
6076.810668 20.209328
6076.813544 20.968030
6076.816422 21.768862
6076.819341 22.626520
6076.822217 23.519349
6076.825095 24.463574
6076.828013 25.476353
6076.830890 26.533303
6076.833768 27.652604
6076.836686 28.855046
6076.839562 30.111223
6076.842441 31.443996
6076.845359 32.876630
6076.848235 34.374267
6076.851114 35.963734
6076.854032 37.672194
6076.856908 39.457279
6076.859786 41.349238
6076.862705 43.380982
6076.865581 45.498319
6076.868459 47.735647
6076.871236 50.009532
6076.874254 52.610736
6076.877132 55.217669
6076.880050 57.985234
6076.882926 60.831827
6076.885805 63.793418
6076.888723 66.900371
6076.891599 70.054248
6076.894478 73.287407
6076.897396 76.623214
6076.900272 79.947400
6076.903150 83.285773
6076.906069 86.656534
6076.908945 89.934001
6076.911823 93.140892
6076.914741 96.287849
6076.917618 99.259019
6076.920496 102.074339
6076.923414 104.745042
6076.926291 107.177613
6076.929169 109.396397
6076.932087 111.415326
6076.934963 113.170534
6076.937842 114.690888
6076.940760 115.991013
6076.943636 117.040511
6076.946515 117.870704
6076.949433 118.502866
6076.952309 118.940522
6076.955188 119.219777
6076.958105 119.370801
6076.960982 119.422439
6076.963860 119.411555
6076.966778 119.371749
6076.969655 119.337544
6076.972533 119.339111
6076.975451 119.405124
6076.981206 119.812857
6076.984124 120.191697
6076.987000 120.689834
6076.989879 121.314774
6076.992797 122.076565
6076.995673 122.954841
6076.998552 123.967569
6077.001470 125.140131
6077.004346 126.431854
6077.007224 127.799997
6077.010142 129.129580
6077.013019 130.209429
6077.015897 130.923963
6077.018815 131.240632
6077.021692 131.210537
6077.024570 130.919163
6077.027488 130.386864
6077.030365 129.594830
6077.033243 128.473179
6077.036053 127.007425
6077.039037 125.023218
6077.041916 122.697642
6077.044834 119.960049
6077.047710 116.931876
6077.050589 113.622285
6077.056383 106.316067
6077.059262 102.457272
6077.062179 98.451775
6077.065056 94.447683
6077.067934 90.427331
6077.073729 82.426118
6077.076607 78.558462
6077.079525 74.741776
6077.082401 71.101741
6077.085280 67.593000
6077.088197 64.186007
6077.091074 60.978141
6077.093953 57.922817
6077.096870 54.985696
6077.099747 52.243609
6077.102626 49.650232
6077.105543 47.171661
6077.108420 44.868509
6077.111299 42.698227
6077.114216 40.629828
6077.117093 38.711713
6077.119971 36.907291
6077.122889 35.187715
6077.125765 33.594607
6077.128644 32.094651
6077.131562 30.664990
6077.134438 29.339376
6077.137317 28.089922
6077.140234 26.897868
6077.143111 25.790162
6077.145990 24.744778
6077.148907 23.745664
6077.151784 22.815520
6077.154662 21.936314
6077.157580 21.093758
6077.160456 20.308297
6077.163335 19.563793
6077.166252 18.849307
6077.169129 18.181359
6077.172008 17.547121
6077.174925 16.937156
6077.177802 16.365704
6077.180681 15.821951
6077.183598 15.297907
6077.186475 14.805930
6077.192271 13.883842
6077.195149 13.457565
6077.198026 13.050748
6077.200943 12.656840
6077.203821 12.285466
6077.206699 11.930268
6077.209616 11.585835
6077.212494 11.260524
6077.215372 10.948840
6077.218289 10.646083
6077.221167 10.359653
6077.224044 10.084867
6077.226961 9.817429
6077.229840 9.563930
6077.232717 9.320453
6077.235634 9.083133
6077.238512 8.857931
6077.241390 8.641178
6077.244307 8.429689
6077.247185 8.228731
6077.250063 8.035060
6077.252979 7.845916
6077.255858 7.665843
6077.258735 7.492215
6077.261652 7.322335
6077.264530 7.160535
6077.267408 7.004250
6077.270325 6.851237
6077.273203 6.705353
6077.276081 6.564310
6077.277461 6.498338
6077.278998 6.426090
6077.281876 6.294201
6077.284753 6.166629
6077.286134 6.106860
6077.294807 5.752028
6077.303479 5.429896
6077.312152 5.137037
6077.320825 4.870642
6077.329497 4.628246
6077.338170 4.407470
6077.346843 4.205970
6077.355516 4.021205
6077.364188 3.850612
6077.372861 3.691909
6077.381534 3.543427
6077.390207 3.403718
6077.398879 3.271072
6077.407552 3.143475
6077.416225 3.019390
6077.424897 2.898323
6077.433570 2.780676
6077.442243 2.667240
6077.450915 2.558717
6077.459588 2.455553
6077.468261 2.358001
6077.476933 2.266065
6077.485606 2.179499
6077.494279 2.097989
6077.502952 2.021259
6077.511624 1.949170
6077.520297 1.881607
6077.528970 1.818358
6077.537642 1.758990
6077.546315 1.702922
6077.554988 1.649632
6077.563661 1.598767
6077.572333 1.550173
6077.581006 1.503812
6077.589679 1.459703
6077.598351 1.417845
6077.607024 1.378172
6077.615697 1.340587
6077.624369 1.304944
6077.633042 1.271041
6077.641715 1.238650
6077.650388 1.207535
6077.659060 1.177503
6077.667733 1.148449
6077.676406 1.120390
6077.685078 1.093424
6077.702424 1.043249
6077.711096 1.020243
6077.719769 0.998703
6077.728442 0.978671
6077.737115 0.960147
6077.745787 0.943102
6077.754460 0.927417
6077.763133 0.912858
6077.771805 0.899057
6077.780478 0.885578
6077.789151 0.872068
6077.806496 0.844671
6077.815169 0.831092
6077.823842 0.817711
6077.832514 0.804302
6077.841187 0.790401
6077.849860 0.775542
6077.858532 0.759549
6077.867205 0.742655
6077.875878 0.725390
