6076.095197 3.487402
6076.103870 3.854330
6076.112542 3.586219
6076.121215 2.893303
6076.129888 2.179340
6076.138560 1.644605
6076.147233 1.292923
6076.164578 0.942758
6076.173251 0.876102
6076.181924 0.856010
6076.190597 0.860732
6076.199269 0.858643
6076.207942 0.826128
6076.216615 0.767909
6076.225287 0.704995
6076.242633 0.618952
6076.251306 0.602236
6076.259978 0.598998
6076.268651 0.603953
6076.277323 0.614333
6076.285996 0.631333
6076.294669 0.657082
6076.303342 0.692555
6076.312014 0.730521
6076.346705 0.702064
6076.355378 0.692369
6076.364050 0.692293
6076.372723 0.701551
6076.381396 0.715683
6076.390068 0.728792
6076.398741 0.737722
6076.407414 0.745398
6076.416086 0.758845
6076.424759 0.784041
6076.433432 0.825467
6076.442105 0.887145
6076.450777 0.966407
6076.459450 1.041689
6076.468123 1.082825
6076.476795 1.086144
6076.485468 1.069784
6076.494141 1.047774
6076.502814 1.031907
6076.511486 1.030666
6076.520159 1.045081
6076.528832 1.073076
6076.537504 1.113461
6076.546177 1.165281
6076.554850 1.222720
6076.563522 1.273535
6076.572195 1.312393
6076.580868 1.348070
6076.589541 1.389417
6076.598213 1.438719
6076.606886 1.496253
6076.615559 1.562199
6076.624231 1.636583
6076.632904 1.719632
6076.641577 1.812011
6076.650249 1.915024
6076.658922 2.030876
6076.676267 2.314779
6076.684940 2.486694
6076.686332 2.515603
6076.689250 2.576722
6076.692126 2.637101
6076.693613 2.668184
6076.695004 2.697107
6076.697923 2.757226
6076.700799 2.815755
6076.703677 2.874008
6076.706596 2.933430
6076.709472 2.993093
6076.712350 3.054642
6076.715268 3.119511
6076.718144 3.186231
6076.721023 3.255932
6076.723941 3.329563
6076.726817 3.405051
6076.729695 3.483507
6076.732614 3.566172
6076.735490 3.650873
6076.738368 3.739143
6076.741286 3.832548
6076.744163 3.928824
6076.747041 4.029615
6076.749959 4.136723
6076.752835 4.247478
6076.755713 4.363837
6076.758632 4.487901
6076.761508 4.616513
6076.764386 4.751989
6076.767304 4.896741
6076.770181 5.047250
6076.773059 5.206088
6076.775977 5.376190
6076.778853 5.553416
6076.781732 5.741056
6076.784650 5.942466
6076.787526 6.152872
6076.790404 6.376102
6076.793323 6.616356
6076.799077 7.134125
6076.801995 7.420660
6076.807750 8.036760
6076.810668 8.376896
6076.813544 8.732223
6076.816422 9.109751
6076.819341 9.517737
6076.822217 9.947583
6076.825095 10.409042
6076.828013 10.912986
6076.830890 11.449768
6076.833768 12.031069
6076.836686 12.670925
6076.839562 13.356997
6076.842441 14.105266
6076.845359 14.933875
6076.848235 15.828145
6076.851114 16.810202
6076.854032 17.905765
6076.856908 19.097521
6076.859786 20.416780
6076.862705 21.902759
6076.865581 23.533961
6076.868459 25.357437
6076.871236 27.325786
6076.874254 29.734541
6076.877132 32.335558
6076.880050 35.326539
6076.882926 38.681165
6076.885805 42.511197
6076.888723 46.954564
6076.891599 51.975937
6076.894478 57.737774
6076.897396 64.431163
6076.900272 71.964641
6076.903150 80.506957
6076.906069 90.222617
6076.908945 100.775607
6076.911823 112.139129
6076.914741 124.163145
6076.917618 136.067191
6076.920496 147.498981
6076.923414 158.072198
6076.926291 167.072668
6076.929169 174.424973
6076.932087 180.178559
6076.934963 184.343870
6076.937842 187.238073
6076.940760 188.967016
6076.943636 189.341470
6076.946515 188.054026
6076.949433 184.690210
6076.952309 179.197532
6076.955188 171.719940
6076.958105 162.629984
6076.960982 152.842260
6076.963860 142.905852
6076.966778 133.254510
6076.969655 124.557074
6076.972533 116.912043
6076.975451 110.360569
6076.981206 101.085203
6076.984124 98.193794
6076.987000 96.499485
6076.989879 95.936648
6076.992797 96.528984
6076.995673 98.292534
6076.998552 101.296009
6077.001470 105.690336
6077.004346 111.416473
6077.007224 118.513956
6077.010142 126.945632
6077.013019 136.183339
6077.015897 145.987352
6077.018815 156.152504
6077.021692 166.078071
6077.024570 175.578568
6077.027488 184.387556
6077.030365 191.865753
6077.033243 197.809371
6077.036053 201.914193
6077.039037 204.345725
6077.041916 204.857279
6077.044834 203.681415
6077.047710 201.007018
6077.050589 196.894895
6077.056383 183.935254
6077.059262 174.909966
6077.062179 164.054039
6077.065056 151.986251
6077.067934 139.090196
6077.073729 113.025264
6077.076607 101.011176
6077.079525 89.868256
6077.082401 80.023524
6077.085280 71.307380
6077.088197 63.576312
6077.091074 56.938158
6077.093953 51.165048
6077.096870 46.088893
6077.099747 41.739439
6077.102626 37.946393
6077.105543 34.590396
6077.108420 31.689699
6077.111299 29.133700
6077.114216 26.845698
6077.117093 24.843288
6077.119971 23.056637
6077.122889 21.435303
6077.125765 19.999283
6077.128644 18.701814
6077.131562 17.511878
6077.134438 16.447535
6077.137317 15.477466
6077.140234 14.581021
6077.143111 13.772751
6077.145990 13.031240
6077.148907 12.341346
6077.151784 11.715132
6077.154662 11.137035
6077.157580 10.595272
6077.160456 10.100693
6077.163335 9.640957
6077.166252 9.207811
6077.169129 8.809813
6077.172008 8.437941
6077.174925 8.085711
6077.177802 7.760418
6077.180681 7.455013
6077.183598 7.164398
6077.186475 6.894820
6077.192271 6.397833
6077.195149 6.171635
6077.198026 5.957811
6077.200943 5.752647
6077.203821 5.560884
6077.206699 5.378961
6077.209616 5.203922
6077.212494 5.039823
6077.215372 4.883697
6077.218289 4.733060
6077.221167 4.591459
6077.224044 4.456439
6077.226961 4.325796
6077.229840 4.202655
6077.232717 4.085009
6077.235634 3.970923
6077.238512 3.863194
6077.241390 3.759990
6077.244307 3.659747
6077.247185 3.564908
6077.250063 3.473886
6077.252979 3.385349
6077.255858 3.301385
6077.258735 3.220726
6077.261652 3.142091
6077.264530 3.067458
6077.267408 2.995611
6077.270325 2.925499
6077.273203 2.858869
6077.276081 2.794652
6077.277461 2.764683
6077.278998 2.731914
6077.281876 2.672233
6077.284753 2.614680
6077.286134 2.587776
6077.294807 2.428908
6077.303479 2.286150
6077.312152 2.158065
6077.320825 2.043900
6077.329497 1.943799
6077.338170 1.859191
6077.346843 1.792507
6077.355516 1.742412
6077.364188 1.694552
6077.372861 1.629505
6077.381534 1.551760
6077.390207 1.485456
6077.398879 1.447305
6077.407552 1.441031
6077.416225 1.451533
6077.424897 1.441522
6077.433570 1.389319
6077.442243 1.309882
6077.450915 1.220056
6077.459588 1.130121
6077.468261 1.051323
6077.476933 0.988937
6077.485606 0.940548
6077.494279 0.899684
6077.502952 0.859434
6077.511624 0.818159
6077.520297 0.781084
6077.528970 0.752315
6077.537642 0.730260
6077.546315 0.711705
6077.554988 0.693151
6077.563661 0.671157
6077.572333 0.645861
6077.581006 0.620628
6077.589679 0.597856
6077.598351 0.577875
6077.607024 0.560254
6077.615697 0.544657
6077.624369 0.531021
6077.633042 0.519534
6077.641715 0.510427
6077.650388 0.503183
6077.659060 0.495424
6077.667733 0.483950
6077.676406 0.468448
6077.685078 0.451887
6077.702424 0.423963
6077.711096 0.412976
6077.719769 0.403544
6077.728442 0.395529
6077.737115 0.389006
6077.745787 0.384322
6077.754460 0.382184
6077.763133 0.383773
6077.771805 0.390369
6077.780478 0.401228
6077.789151 0.410175
6077.806496 0.397414
6077.815169 0.385853
6077.823842 0.381009
6077.832514 0.383796
6077.841187 0.392373
6077.849860 0.400027
6077.858532 0.394440
6077.867205 0.371926
6077.875878 0.343871
