6076.095197 2.800862
6076.103870 2.894706
6076.112542 2.752376
6076.121215 2.445278
6076.129888 2.090813
6076.138560 1.773259
6076.147233 1.524397
6076.164578 1.221060
6076.173251 1.141964
6076.181924 1.093310
6076.190597 1.060659
6076.199269 1.030578
6076.207942 0.995385
6076.216615 0.955562
6076.225287 0.916587
6076.242633 0.861284
6076.251306 0.848797
6076.259978 0.845412
6076.268651 0.849412
6076.277323 0.859670
6076.285996 0.875881
6076.294669 0.897842
6076.303342 0.923953
6076.312014 0.949198
6076.346705 0.969720
6076.355378 0.973112
6076.364050 0.982303
6076.372723 0.996653
6076.381396 1.014380
6076.390068 1.033816
6076.398741 1.054714
6076.407414 1.078726
6076.416086 1.108637
6076.424759 1.147128
6076.433432 1.195777
6076.442105 1.253696
6076.450777 1.315346
6076.459450 1.370688
6076.468123 1.411188
6076.476795 1.436314
6076.485468 1.452042
6076.494141 1.465753
6076.502814 1.483803
6076.511486 1.510355
6076.520159 1.547070
6076.528832 1.594010
6076.537504 1.650494
6076.546177 1.714914
6076.554850 1.783969
6076.563522 1.853659
6076.572195 1.922617
6076.580868 1.993388
6076.589541 2.069706
6076.598213 2.154056
6076.606886 2.247745
6076.615559 2.351566
6076.624231 2.466236
6076.632904 2.592674
6076.641577 2.732075
6076.650249 2.886035
6076.658922 3.056600
6076.676267 3.455117
6076.684940 3.683621
6076.686332 3.721911
6076.689250 3.803503
6076.692126 3.885625
6076.693613 3.928742
6076.695004 3.969485
6076.697923 4.056324
6076.700799 4.143785
6076.703677 4.233416
6076.706596 4.326756
6076.709472 4.421423
6076.712350 4.519147
6076.715268 4.621588
6076.718144 4.726140
6076.721023 4.834625
6076.723941 4.948731
6076.726817 5.065533
6076.729695 5.186980
6076.732614 5.315105
6076.735490 5.446515
6076.738368 5.583480
6076.741286 5.728284
6076.744163 5.877280
6076.747041 6.032911
6076.749959 6.197858
6076.752835 6.367932
6076.755713 6.546056
6076.758632 6.735342
6076.761508 6.930882
6076.764386 7.136124
6076.767304 7.354626
6076.770181 7.580990
6076.773059 7.819015
6076.775977 8.072966
6076.778853 8.336532
6076.781732 8.614464
6076.784650 8.911527
6076.787526 9.220485
6076.790404 9.546824
6076.793323 9.896544
6076.799077 10.646263
6076.801995 11.059914
6076.807750 11.949800
6076.810668 12.442476
6076.813544 12.958396
6076.816422 13.507496
6076.819341 14.101071
6076.822217 14.725477
6076.825095 15.393515
6076.828013 16.119363
6076.830890 16.887666
6076.833768 17.713843
6076.836686 18.616325
6076.839562 19.576243
6076.842441 20.614452
6076.845359 21.753924
6076.848235 22.972045
6076.851114 24.296153
6076.854032 25.756823
6076.856908 27.326292
6076.859786 29.040335
6076.862705 30.941987
6076.865581 32.994597
6076.868459 35.246632
6076.871236 37.628171
6076.874254 40.474399
6076.877132 43.465945
6076.880050 46.804558
6076.882926 50.425209
6076.885805 54.406554
6076.888723 58.833456
6076.891599 63.604613
6076.894478 68.800321
6076.897396 74.496053
6076.900272 80.516341
6076.903150 86.905012
6076.906069 93.687760
6076.908945 100.571037
6076.911823 107.532583
6076.914741 114.514798
6076.917618 121.162741
6076.920496 127.419287
6076.923414 133.214195
6076.926291 138.271500
6076.929169 142.601346
6076.932087 146.204773
6076.934963 148.963957
6076.937842 150.926579
6076.940760 152.079395
6076.943636 152.363103
6076.946515 151.777070
6076.949433 150.301693
6076.952309 148.035180
6076.955188 145.070729
6076.958105 141.522447
6076.960982 137.679967
6076.963860 133.697481
6076.966778 129.713449
6076.969655 126.006934
6076.972533 122.656382
6076.975451 119.732673
6076.981206 115.658012
6076.984124 114.547679
6076.987000 114.123037
6076.989879 114.382976
6076.992797 115.361505
6076.995673 117.046934
6076.998552 119.471884
6077.001470 122.702707
6077.004346 126.641210
6077.007224 131.255810
6077.010142 136.442227
6077.013019 141.797315
6077.015897 147.126378
6077.018815 152.286253
6077.021692 156.988278
6077.024570 161.185214
6077.027488 164.775920
6077.030365 167.498426
6077.033243 169.263418
6077.036053 169.965179
6077.039037 169.556555
6077.041916 168.037014
6077.044834 165.406143
6077.047710 161.795689
6077.050589 157.237988
6077.056383 145.532833
6077.059262 138.665725
6077.062179 131.179891
6077.065056 123.441763
6077.067934 115.525584
6077.073729 99.743139
6077.076607 92.271491
6077.079525 85.087242
6077.082401 78.455432
6077.085280 72.296811
6077.088197 66.556552
6077.091074 61.379163
6077.093953 56.658658
6077.096870 52.316460
6077.099747 48.435280
6077.102626 44.916242
6077.105543 41.688280
6077.108420 38.804592
6077.111299 36.186688
6077.114216 33.778890
6077.117093 31.619794
6077.119971 29.651466
6077.122889 27.830594
6077.125765 26.190024
6077.128644 24.685002
6077.131562 23.285342
6077.134438 22.017194
6077.137317 20.847456
6077.140234 19.754112
6077.143111 18.757608
6077.145990 17.834083
6077.148907 16.966541
6077.151784 16.171948
6077.154662 15.432265
6077.157580 14.733646
6077.160456 14.091248
6077.163335 13.490131
6077.166252 12.920269
6077.169129 12.393640
6077.172008 11.898981
6077.174925 11.428131
6077.177802 10.991291
6077.180681 10.579413
6077.183598 10.185914
6077.186475 9.819535
6077.192271 9.140646
6077.195149 8.830182
6077.198026 8.535854
6077.200943 8.252674
6077.203821 7.987304
6077.206699 7.734942
6077.209616 7.491567
6077.212494 7.262903
6077.215372 7.044901
6077.218289 6.834149
6077.221167 6.635669
6077.224044 6.446077
6077.226961 6.262320
6077.229840 6.088834
6077.232717 5.922837
6077.235634 5.761627
6077.238512 5.609186
6077.241390 5.462953
6077.244307 5.320733
6077.247185 5.186014
6077.250063 5.056566
6077.252979 4.930509
6077.255858 4.810832
6077.258735 4.695747
6077.261652 4.583437
6077.264530 4.476738
6077.267408 4.373927
6077.270325 4.273505
6077.273203 4.177987
6077.276081 4.085848
6077.277461 4.042822
6077.278998 3.995756
6077.281876 3.909982
6077.284753 3.827196
6077.286134 3.788474
6077.294807 3.559474
6077.303479 3.353090
6077.312152 3.167143
6077.320825 3.000133
6077.329497 2.851150
6077.338170 2.719633
6077.346843 2.604632
6077.355516 2.502914
6077.364188 2.408057
6077.372861 2.314425
6077.381534 2.223558
6077.390207 2.142787
6077.398879 2.077030
6077.407552 2.022708
6077.416225 1.968056
6077.424897 1.901746
6077.433570 1.822352
6077.442243 1.735874
6077.450915 1.648150
6077.459588 1.563464
6077.468261 1.485289
6077.476933 1.415298
6077.485606 1.352827
6077.494279 1.295770
6077.502952 1.242173
6077.511624 1.191796
6077.520297 1.145983
6077.528970 1.105673
6077.537642 1.070046
6077.546315 1.037220
6077.554988 1.005349
6077.563661 0.973365
6077.572333 0.941424
6077.581006 0.910456
6077.589679 0.881295
6077.598351 0.854283
6077.607024 0.829419
6077.615697 0.806611
6077.624369 0.785770
6077.633042 0.766768
6077.641715 0.749298
6077.650388 0.732665
6077.659060 0.715850
6077.667733 0.698084
6077.676406 0.679491
6077.685078 0.660928
6077.702424 0.626968
6077.711096 0.612184
6077.719769 0.598922
6077.728442 0.587227
6077.737115 0.577224
6077.745787 0.569162
6077.754460 0.563370
6077.763133 0.560090
6077.771805 0.559011
6077.780478 0.558632
6077.789151 0.556391
6077.806496 0.541859
6077.815169 0.533318
6077.823842 0.527141
6077.832514 0.523658
6077.841187 0.521066
6077.849860 0.515749
6077.858532 0.504395
6077.867205 0.487167
6077.875878 0.467628
