6076.095197 4.564442
6076.103870 6.966190
6076.112542 6.404674
6076.121215 3.724554
6076.129888 1.850145
6076.138560 1.037055
6076.147233 0.688746
6076.164578 0.437310
6076.173251 0.411366
6076.181924 0.453340
6076.190597 0.584656
6076.199269 0.733924
6076.207942 0.726422
6076.216615 0.573733
6076.225287 0.432511
6076.242633 0.282958
6076.251306 0.267535
6076.259978 0.279269
6076.268651 0.300454
6076.277323 0.307887
6076.285996 0.319992
6076.294669 0.352763
6076.303342 0.405606
6076.312014 0.502938
6076.346705 0.385221
6076.355378 0.349725
6076.364050 0.324063
6076.372723 0.333195
6076.381396 0.360190
6076.390068 0.383716
6076.398741 0.381032
6076.407414 0.347915
6076.416086 0.324043
6076.424759 0.323704
6076.433432 0.343022
6076.442105 0.392445
6076.450777 0.510962
6076.459450 0.704231
6076.468123 0.797484
6076.476795 0.726373
6076.485468 0.654186
6076.494141 0.566094
6076.502814 0.475855
6076.511486 0.434312
6076.520159 0.426447
6076.528832 0.434337
6076.537504 0.455041
6076.546177 0.498578
6076.554850 0.571781
6076.563522 0.620079
6076.572195 0.600253
6076.580868 0.577693
6076.589541 0.579598
6076.598213 0.586977
6076.606886 0.599946
6076.615559 0.621512
6076.624231 0.649198
6076.632904 0.681296
6076.641577 0.717504
6076.650249 0.758293
6076.658922 0.804979
6076.676267 0.935166
6076.684940 1.050975
6076.686332 1.074789
6076.689250 1.128170
6076.692126 1.182139
6076.693613 1.208835
6076.695004 1.232104
6076.697923 1.272869
6076.700799 1.299560
6076.703677 1.312897
6076.706596 1.316739
6076.709472 1.317243
6076.712350 1.320699
6076.715268 1.331572
6076.718144 1.351013
6076.721023 1.377949
6076.723941 1.409833
6076.726817 1.442246
6076.729695 1.472956
6076.732614 1.501329
6076.735490 1.527375
6076.738368 1.553409
6076.741286 1.581624
6076.744163 1.612193
6076.747041 1.645494
6076.749959 1.681531
6076.752835 1.718926
6076.755713 1.758320
6076.758632 1.800822
6076.761508 1.845842
6076.764386 1.894474
6076.767304 1.947637
6076.770181 2.003886
6076.773059 2.063999
6076.775977 2.129046
6076.778853 2.197538
6076.781732 2.270948
6076.784650 2.350942
6076.787526 2.436081
6076.790404 2.528531
6076.793323 2.630933
6076.799077 2.862772
6076.801995 2.996129
6076.807750 3.280905
6076.810668 3.428720
6076.813544 3.572557
6076.816422 3.714717
6076.819341 3.860458
6076.822217 4.011081
6076.825095 4.174637
6076.828013 4.358431
6076.830890 4.560563
6076.833768 4.785528
6076.836686 5.038384
6076.839562 5.313646
6076.842441 5.617265
6076.845359 5.956606
6076.848235 6.325928
6076.851114 6.734897
6076.854032 7.195226
6076.856908 7.700933
6076.859786 8.266971
6076.862705 8.912725
6076.865581 9.632095
6076.868459 10.450033
6076.871236 11.350283
6076.874254 12.478105
6076.877132 13.730634
6076.880050 15.219070
6076.882926 16.955030
6076.885805 19.031239
6076.888723 21.579095
6076.891599 24.659372
6076.894478 28.491000
6076.897396 33.399298
6076.900272 39.607771
6076.903150 47.683602
6076.906069 58.472747
6076.908945 72.530491
6076.911823 90.953340
6076.914741 114.818690
6076.917618 143.345474
6076.920496 175.151791
6076.923414 207.136989
6076.926291 233.955221
6076.929169 252.592166
6076.932087 262.077023
6076.934963 264.124190
6076.937842 263.264244
6076.940760 264.347959
6076.943636 269.753542
6076.946515 277.260589
6076.949433 280.609836
6076.952309 273.136686
6076.955188 252.549230
6076.958105 221.489921
6076.960982 186.902756
6076.963860 153.909373
6076.966778 125.370413
6076.969655 103.047534
6076.972533 86.090925
6076.975451 73.417855
6076.981206 57.946812
6076.984124 53.475094
6076.987000 50.683333
6076.989879 49.263182
6076.992797 49.138869
6076.995673 50.355741
6076.998552 53.068879
6077.001470 57.621610
6077.004346 64.250547
6077.007224 73.454713
6077.010142 85.918908
6077.013019 101.763697
6077.015897 121.349222
6077.018815 144.525800
6077.021692 169.021113
6077.024570 192.436919
6077.027488 212.193967
6077.030365 226.488844
6077.033243 236.736123
6077.036053 244.991882
6077.039037 253.257142
6077.041916 260.237834
6077.044834 265.143762
6077.047710 267.996714
6077.050589 270.642002
6077.056383 277.786783
6077.059262 275.781584
6077.062179 263.001591
6077.065056 238.245140
6077.067934 204.842459
6077.073729 134.666902
6077.076607 106.315402
6077.079525 83.563112
6077.082401 66.443969
6077.085280 53.544038
6077.088197 43.740465
6077.091074 36.431039
6077.093953 30.816744
6077.096870 26.388752
6077.099747 22.933669
6077.102626 20.151656
6077.105543 17.855103
6077.108420 15.986800
6077.111299 14.425533
6077.114216 13.091556
6077.117093 11.968259
6077.119971 10.993830
6077.122889 10.124261
6077.125765 9.359064
6077.128644 8.668137
6077.131562 8.034881
6077.134438 7.471435
6077.137317 6.963823
6077.140234 6.502692
6077.143111 6.095137
6077.145990 5.728646
6077.148907 5.393899
6077.151784 5.094857
6077.154662 4.822447
6077.157580 4.570009
6077.160456 4.341733
6077.163335 4.131249
6077.166252 3.934341
6077.169129 3.754545
6077.172008 3.587490
6077.174925 3.430060
6077.177802 3.285341
6077.180681 3.150042
6077.183598 3.021799
6077.186475 2.903270
6077.192271 2.685815
6077.195149 2.587290
6077.198026 2.494410
6077.200943 2.405520
6077.203821 2.322637
6077.206699 2.244186
6077.209616 2.168866
6077.212494 2.098396
6077.215372 2.031478
6077.218289 1.967031
6077.221167 1.906555
6077.224044 1.848983
6077.226961 1.793364
6077.229840 1.741017
6077.232717 1.691076
6077.235634 1.642712
6077.238512 1.597102
6077.241390 1.553461
6077.244307 1.511122
6077.247185 1.471111
6077.250063 1.432751
6077.252979 1.395477
6077.255858 1.360163
6077.258735 1.326272
6077.261652 1.293261
6077.264530 1.261958
6077.267408 1.231849
6077.270325 1.202491
6077.273203 1.174614
6077.276081 1.147766
6077.277461 1.135244
6077.278998 1.121557
6077.281876 1.096644
6077.284753 1.072636
6077.286134 1.061419
6077.294807 0.995269
6077.303479 0.935979
6077.312152 0.882983
6077.320825 0.836132
6077.329497 0.796085
6077.338170 0.765901
6077.346843 0.757117
6077.355516 0.795189
6077.364188 0.855898
6077.372861 0.817103
6077.381534 0.703017
6077.390207 0.629701
6077.398879 0.603819
6077.407552 0.623341
6077.416225 0.731661
6077.424897 0.915431
6077.433570 0.973948
6077.442243 0.888366
6077.450915 0.759407
6077.459588 0.598066
6077.468261 0.483823
6077.476933 0.429058
6077.485606 0.408814
6077.494279 0.408652
6077.502952 0.398851
6077.511624 0.357981
6077.520297 0.321191
6077.528970 0.308052
6077.537642 0.303314
6077.546315 0.305861
6077.554988 0.316772
6077.563661 0.314195
6077.572333 0.287739
6077.581006 0.261616
6077.589679 0.245739
6077.598351 0.235439
6077.607024 0.227513
6077.615697 0.220942
6077.624369 0.215561
6077.633042 0.211819
6077.641715 0.211457
6077.650388 0.218811
6077.659060 0.234781
6077.667733 0.239394
6077.676406 0.218722
6077.685078 0.194944
6077.702424 0.173064
6077.711096 0.167628
6077.719769 0.163399
6077.728442 0.159984
6077.737115 0.157327
6077.745787 0.155618
6077.754460 0.155430
6077.763133 0.158335
6077.771805 0.169091
6077.780478 0.199608
6077.789151 0.252454
6077.806496 0.232494
6077.815169 0.193059
6077.823842 0.188265
6077.832514 0.200892
6077.841187 0.223121
6077.849860 0.276114
6077.858532 0.313046
6077.867205 0.260662
6077.875878 0.186200
