6076.095197 2.432984
6076.103870 2.460396
6076.112542 2.380481
6076.121215 2.221936
6076.129888 2.028277
6076.138560 1.836962
6076.147233 1.669915
6076.164578 1.432442
6076.173251 1.356590
6076.181924 1.300835
6076.190597 1.257878
6076.199269 1.221590
6076.207942 1.188404
6076.216615 1.157685
6076.225287 1.130740
6076.242633 1.094809
6076.251306 1.087453
6076.259978 1.086953
6076.268651 1.092656
6076.277323 1.103916
6076.285996 1.120138
6076.294669 1.140459
6076.303342 1.163203
6076.312014 1.185596
6076.346705 1.243041
6076.355378 1.257449
6076.364050 1.275516
6076.372723 1.297332
6076.381396 1.322498
6076.390068 1.350747
6076.398741 1.382356
6076.407414 1.418176
6076.416086 1.459303
6076.424759 1.506548
6076.433432 1.559766
6076.442105 1.617243
6076.450777 1.675508
6076.459450 1.730428
6076.468123 1.779310
6076.476795 1.822399
6076.485468 1.862412
6076.494141 1.903012
6076.502814 1.947596
6076.511486 1.998618
6076.520159 2.057461
6076.528832 2.124596
6076.537504 2.199797
6076.546177 2.282224
6076.554850 2.370476
6076.563522 2.463264
6076.572195 2.560409
6076.580868 2.663135
6076.589541 2.773420
6076.598213 2.893123
6076.606886 3.023759
6076.615559 3.166547
6076.624231 3.322664
6076.632904 3.493462
6076.641577 3.680446
6076.650249 3.885339
6076.658922 4.110080
6076.676267 4.625894
6076.684940 4.919469
6076.686332 4.968905
6076.689250 5.074688
6076.692126 5.181874
6076.693613 5.238468
6076.695004 5.292155
6076.697923 5.407243
6076.700799 5.523995
6076.703677 5.644367
6076.706596 5.770299
6076.709472 5.898407
6076.712350 6.030867
6076.715268 6.169797
6076.718144 6.311570
6076.721023 6.458596
6076.723941 6.613132
6076.726817 6.771199
6076.729695 6.935425
6076.732614 7.108528
6076.735490 7.285892
6076.738368 7.470539
6076.741286 7.665491
6076.744163 7.865777
6076.747041 8.074625
6076.749959 8.295559
6076.752835 8.522897
6076.755713 8.760488
6076.758632 9.012398
6076.761508 9.272018
6076.764386 9.543860
6076.767304 9.832532
6076.770181 10.130813
6076.773059 10.443621
6076.775977 10.776432
6076.778853 11.120863
6076.781732 11.483015
6076.784650 11.868945
6076.787526 12.269126
6076.790404 12.690565
6076.793323 13.140875
6076.799077 14.102179
6076.801995 14.630521
6076.807750 15.762914
6076.810668 16.387502
6076.813544 17.039707
6076.816422 17.731614
6076.819341 18.476716
6076.822217 19.257030
6076.825095 20.087599
6076.828013 20.984759
6076.830890 21.928186
6076.833768 22.935425
6076.836686 24.027051
6076.839562 25.178288
6076.842441 26.412076
6076.845359 27.752796
6076.848235 29.170741
6076.851114 30.694360
6076.854032 32.354038
6076.856908 34.113064
6076.859786 36.005865
6076.862705 38.071928
6076.865581 40.262768
6076.868459 42.620655
6076.871236 45.063300
6076.874254 47.916022
6076.877132 50.838931
6076.880050 54.013208
6076.882926 57.355703
6076.885805 60.917304
6076.888723 64.745745
6076.891599 68.727211
6076.894478 72.905738
6076.897396 77.315339
6076.900272 81.802435
6076.903150 86.393054
6076.906069 91.102278
6076.908945 95.738326
6076.911823 100.312245
6076.914741 104.816839
6076.917618 109.061819
6076.920496 113.051732
6076.923414 116.779258
6076.926291 120.095394
6076.929169 123.021044
6076.932087 125.561781
6076.934963 127.629504
6076.937842 129.254812
6076.940760 130.443556
6076.943636 131.166157
6076.946515 131.455696
6076.949433 131.332365
6076.952309 130.840788
6076.955188 130.035841
6076.958105 128.970089
6076.960982 127.749232
6076.963860 126.439920
6076.966778 125.104375
6076.969655 123.855972
6076.972533 122.743632
6076.975451 121.815985
6076.981206 120.766414
6076.984124 120.700584
6076.987000 120.973341
6076.989879 121.594415
6076.992797 122.585755
6076.995673 123.923920
6076.998552 125.629242
6077.001470 127.736295
6077.004346 130.168186
6077.007224 132.878263
6077.010142 135.747341
6077.013019 138.484419
6077.015897 140.946038
6077.018815 143.061659
6077.021692 144.757991
6077.024570 146.066853
6077.027488 146.951704
6077.030365 147.299030
6077.033243 147.033565
6077.036053 146.128620
6077.039037 144.456432
6077.041916 142.171437
6077.044834 139.225730
6077.047710 135.754272
6077.050589 131.772725
6077.056383 122.492281
6077.059262 117.400237
6077.062179 112.024688
6077.065056 106.591931
6077.067934 101.106544
6077.073729 90.196812
6077.076607 84.966864
6077.079525 79.855664
6077.082401 75.039743
6077.085280 70.461725
6077.088197 66.084610
6077.091074 62.030575
6077.093953 58.234313
6077.096870 54.647920
6077.099747 51.357682
6077.102626 48.298987
6077.105543 45.425019
6077.108420 42.798344
6077.111299 40.362314
6077.114216 38.076196
6077.117093 35.987294
6077.119971 34.049568
6077.122889 32.227619
6077.125765 30.561104
6077.128644 29.010825
6077.131562 27.550114
6077.134438 26.210412
6077.137317 24.960592
6077.140234 23.779830
6077.143111 22.692781
6077.145990 21.675844
6077.148907 20.712020
6077.151784 19.821826
6077.154662 18.986652
6077.157580 18.191990
6077.160456 17.456181
6077.163335 16.763177
6077.166252 16.102159
6077.169129 15.487760
6077.172008 14.907542
6077.174925 14.352427
6077.177802 13.834931
6077.180681 13.344811
6077.183598 12.874561
6077.186475 12.434956
6077.192271 11.615867
6077.195149 11.239325
6077.198026 10.881213
6077.200943 10.535612
6077.203821 10.210813
6077.206699 9.901092
6077.209616 9.601622
6077.212494 9.319558
6077.215372 9.050012
6077.218289 8.788846
6077.221167 8.542358
6077.224044 8.306432
6077.226961 8.077320
6077.229840 7.860611
6077.232717 7.652889
6077.235634 7.450815
6077.238512 7.259419
6077.241390 7.075532
6077.244307 6.896422
6077.247185 6.726514
6077.250063 6.563030
6077.252979 6.403615
6077.255858 6.252073
6077.258735 6.106166
6077.261652 5.963607
6077.264530 5.828013
6077.267408 5.697214
6077.270325 5.569314
6077.273203 5.447530
6077.276081 5.329931
6077.277461 5.274974
6077.278998 5.214826
6077.281876 5.105124
6077.284753 4.999138
6077.286134 4.949526
6077.294807 4.655601
6077.303479 4.389784
6077.312152 4.149204
6077.320825 3.931636
6077.329497 3.735254
6077.338170 3.558320
6077.346843 3.398843
6077.355516 3.254010
6077.364188 3.120418
6077.372861 2.995411
6077.381534 2.878523
6077.390207 2.770525
6077.398879 2.670792
6077.407552 2.575806
6077.416225 2.480929
6077.424897 2.383628
6077.433570 2.284603
6077.442243 2.186167
6077.450915 2.090477
6077.459588 1.999128
6077.468261 1.913250
6077.476933 1.833298
6077.485606 1.758973
6077.494279 1.689579
6077.502952 1.624516
6077.511624 1.563694
6077.520297 1.507355
6077.528970 1.455530
6077.537642 1.407645
6077.546315 1.362709
6077.554988 1.319813
6077.563661 1.278433
6077.572333 1.238521
6077.581006 1.200295
6077.589679 1.164014
6077.598351 1.129819
6077.607024 1.097713
6077.615697 1.067627
6077.624369 1.039428
6077.633042 1.012902
6077.641715 0.987738
6077.650388 0.963520
6077.659060 0.939842
6077.667733 0.916474
6077.676406 0.893488
6077.685078 0.871173
6077.702424 0.829773
6077.711096 0.811082
6077.719769 0.793860
6077.728442 0.778182
6077.737115 0.764123
6077.745787 0.751767
6077.754460 0.741130
6077.763133 0.732043
6077.771805 0.724005
6077.780478 0.716148
6077.789151 0.707563
6077.806496 0.687437
6077.815169 0.677172
6077.823842 0.667652
6077.832514 0.658704
6077.841187 0.649325
6077.849860 0.638150
6077.858532 0.624341
6077.867205 0.608246
6077.875878 0.591135
