6076.095197 3.480188
6076.103870 3.844363
6076.112542 3.577182
6076.121215 2.887688
6076.129888 2.176806
6076.138560 1.643846
6076.147233 1.293023
6076.164578 0.943462
6076.173251 0.876882
6076.181924 0.856744
6076.190597 0.861299
6076.199269 0.859038
6076.207942 0.826509
6076.216615 0.768429
6076.225287 0.705687
6076.242633 0.619862
6076.251306 0.603189
6076.259978 0.599968
6076.268651 0.604930
6076.277323 0.615318
6076.285996 0.632317
6076.294669 0.658053
6076.303342 0.693481
6076.312014 0.731367
6076.346705 0.703114
6076.355378 0.693480
6076.364050 0.693463
6076.372723 0.702760
6076.381396 0.716921
6076.390068 0.730062
6076.398741 0.739043
6076.407414 0.746786
6076.416086 0.760304
6076.424759 0.785570
6076.433432 0.827063
6076.442105 0.888776
6076.450777 0.967982
6076.459450 1.043141
6076.468123 1.084231
6076.476795 1.087613
6076.485468 1.071347
6076.494141 1.049456
6076.502814 1.033710
6076.511486 1.032561
6076.520159 1.047044
6076.528832 1.075100
6076.537504 1.115535
6076.546177 1.167384
6076.554850 1.224832
6076.563522 1.275703
6076.572195 1.314699
6076.580868 1.350533
6076.589541 1.392016
6076.598213 1.441443
6076.606886 1.499107
6076.615559 1.565189
6076.624231 1.639723
6076.632904 1.722935
6076.641577 1.815497
6076.650249 1.918714
6076.658922 2.034792
6076.676267 2.319194
6076.684940 2.491334
6076.686332 2.520276
6076.689250 2.581466
6076.692126 2.641919
6076.693613 2.673043
6076.695004 2.702007
6076.697923 2.762219
6076.700799 2.820855
6076.703677 2.879226
6076.706596 2.938778
6076.709472 2.998574
6076.712350 3.060258
6076.715268 3.125264
6076.718144 3.192118
6076.721023 3.261955
6076.723941 3.335727
6076.726817 3.411358
6076.729695 3.489967
6076.732614 3.572795
6076.735490 3.657666
6076.738368 3.746116
6076.741286 3.839713
6076.744163 3.936187
6076.747041 4.037185
6076.749959 4.144513
6076.752835 4.255496
6076.755713 4.372092
6076.758632 4.496409
6076.761508 4.625281
6076.764386 4.761028
6076.767304 4.906069
6076.770181 5.056873
6076.773059 5.216022
6076.775977 5.386452
6076.778853 5.564018
6076.781732 5.752014
6076.784650 5.953802
6076.787526 6.164597
6076.790404 6.388234
6076.793323 6.628920
6076.799077 7.147600
6076.801995 7.434633
6076.807750 8.051813
6076.810668 8.392556
6076.813544 8.748528
6076.816422 9.126754
6076.819341 9.535500
6076.822217 9.966149
6076.825095 10.428465
6076.828013 10.933333
6076.830890 11.471084
6076.833768 12.053415
6076.836686 12.694387
6076.839562 13.381631
6076.842441 14.131156
6076.845359 14.961131
6076.848235 15.856844
6076.851114 16.840451
6076.854032 17.937700
6076.856908 19.131238
6076.859786 20.452406
6076.862705 21.940452
6076.865581 23.573821
6076.868459 25.399589
6076.871236 27.370256
6076.874254 29.781624
6076.877132 32.385179
6076.880050 35.378712
6076.882926 38.735724
6076.885805 42.567859
6076.888723 47.012828
6076.891599 52.034920
6076.894478 57.796155
6076.897396 64.486935
6076.900272 72.015047
6076.903150 80.548232
6076.906069 90.249711
6076.908945 100.782993
6076.911823 112.120752
6076.914741 124.113145
6076.917618 135.982532
6076.920496 147.379213
6076.923414 157.919858
6076.926291 166.894054
6076.929169 174.227347
6076.932087 179.968676
6076.934963 184.126624
6076.937842 187.015195
6076.940760 188.738270
6076.943636 189.107470
6076.946515 187.818597
6076.949433 184.461592
6076.952309 178.986608
6076.955188 171.537525
6076.958105 162.484471
6076.960982 152.736685
6076.963860 142.839596
6076.966778 133.224460
6076.969655 124.557557
6076.972533 116.937556
6076.975451 110.406195
6076.981206 101.157864
6076.984124 98.275289
6076.987000 96.587268
6076.989879 96.028682
6076.992797 96.623386
6076.995673 98.387287
6076.998552 101.388836
6077.001470 105.778354
6077.004346 111.496287
6077.007224 118.581540
6077.010142 126.996401
6077.013019 136.213215
6077.015897 145.992337
6077.018815 156.128731
6077.021692 166.023465
6077.024570 175.492269
6077.027488 184.270294
6077.030365 191.720916
6077.033243 197.641000
6077.036053 201.727168
6077.039037 204.143494
6077.041916 204.644314
6077.044834 203.460365
6077.047710 200.779432
6077.050589 196.661616
6077.056383 183.699115
6077.059262 174.682556
6077.062179 163.845223
6077.065056 151.804671
6077.067934 138.941760
6077.073729 112.945946
6077.076607 100.961360
6077.079525 89.843106
6077.082401 80.017394
6077.085280 71.315523
6077.088197 63.594835
6077.091074 56.963717
6077.093953 51.195209
6077.096870 46.121865
6077.099747 41.773858
6077.102626 37.981320
6077.105543 34.625169
6077.108420 31.723872
6077.111299 29.166980
6077.114216 26.877886
6077.117093 24.874303
6077.119971 23.086434
6077.122889 21.463863
6077.125765 20.026646
6077.128644 18.728019
6077.131562 17.536956
6077.134438 16.471551
6077.137317 15.500469
6077.140234 14.603045
6077.143111 13.793855
6077.145990 13.051468
6077.148907 12.360731
6077.151784 11.733728
6077.154662 11.154882
6077.157580 10.612401
6077.160456 10.117151
6077.163335 9.656779
6077.166252 9.223023
6077.169129 8.824456
6077.172008 8.452046
6077.174925 8.099299
6077.177802 7.773522
6077.180681 7.467659
6077.183598 7.176603
6077.186475 6.906613
6077.192271 6.408855
6077.195149 6.182303
6077.198026 5.968141
6077.200943 5.762652
6077.203821 5.570582
6077.206699 5.388368
6077.209616 5.213046
6077.212494 5.048681
6077.215372 4.892300
6077.218289 4.741416
6077.221167 4.599583
6077.224044 4.464339
6077.226961 4.333480
6077.229840 4.210132
6077.232717 4.092292
6077.235634 3.978015
6077.238512 3.870105
6077.241390 3.766727
6077.244307 3.666315
6077.247185 3.571315
6077.250063 3.480139
6077.252979 3.391451
6077.255858 3.307344
6077.258735 3.226547
6077.261652 3.147778
6077.264530 3.073017
6077.267408 3.001047
6077.270325 2.930814
6077.273203 2.864069
6077.276081 2.799741
6077.277461 2.769720
6077.278998 2.736895
6077.281876 2.677111
6077.284753 2.619458
6077.286134 2.592507
6077.294807 2.433364
6077.303479 2.290359
6077.312152 2.162051
6077.320825 2.047686
6077.329497 1.947409
6077.338170 1.862638
6077.346843 1.795785
6077.355516 1.745488
6077.364188 1.697427
6077.372861 1.632283
6077.381534 1.554529
6077.390207 1.488199
6077.398879 1.449971
6077.407552 1.443528
6077.416225 1.453735
6077.424897 1.443439
6077.433570 1.391114
6077.442243 1.311643
6077.450915 1.221817
6077.459588 1.131910
6077.468261 1.053115
6077.476933 0.990678
6077.485606 0.942198
6077.494279 0.901231
6077.502952 0.860901
6077.511624 0.819587
6077.520297 0.782492
6077.528970 0.753701
6077.537642 0.731621
6077.546315 0.713033
6077.554988 0.694436
6077.563661 0.672404
6077.572333 0.647078
6077.581006 0.621817
6077.589679 0.599013
6077.598351 0.578999
6077.607024 0.561348
6077.615697 0.545724
6077.624369 0.532065
6077.633042 0.520559
6077.641715 0.511432
6077.650388 0.504160
6077.659060 0.496368
6077.667733 0.484866
6077.676406 0.469347
6077.685078 0.452772
6077.702424 0.424810
6077.711096 0.413805
6077.719769 0.404359
6077.728442 0.396332
6077.737115 0.389803
6077.745787 0.385118
6077.754460 0.382987
6077.763133 0.384587
6077.771805 0.391193
6077.780478 0.402044
6077.789151 0.410963
6077.806496 0.398205
6077.815169 0.386664
6077.823842 0.381826
6077.832514 0.384612
6077.841187 0.393173
6077.849860 0.400778
6077.858532 0.395143
6077.867205 0.372621
6077.875878 0.344567
