6076.095197 3.473145
6076.103870 4.202978
6076.112542 3.845615
6076.121215 2.776041
6076.129888 1.815409
6076.138560 1.225676
6076.147233 0.902141
6076.164578 0.638587
6076.173251 0.613538
6076.181924 0.645004
6076.190597 0.712261
6076.199269 0.756247
6076.207942 0.725136
6076.216615 0.639229
6076.225287 0.549666
6076.242633 0.441836
6076.251306 0.429666
6076.259978 0.437222
6076.268651 0.450658
6076.277323 0.460863
6076.285996 0.475109
6076.294669 0.502435
6076.303342 0.548489
6076.312014 0.607416
6076.346705 0.527743
6076.355378 0.507701
6076.364050 0.502690
6076.372723 0.516583
6076.381396 0.541407
6076.390068 0.561774
6076.398741 0.562792
6076.407414 0.548570
6076.416086 0.540329
6076.424759 0.551173
6076.433432 0.586398
6076.442105 0.656175
6076.450777 0.769674
6076.459450 0.893157
6076.468123 0.946356
6076.476795 0.916898
6076.485468 0.859122
6076.494141 0.795213
6076.502814 0.741909
6076.511486 0.715425
6076.520159 0.713307
6076.528832 0.728308
6076.537504 0.758233
6076.546177 0.804836
6076.554850 0.862144
6076.563522 0.905630
6076.572195 0.922364
6076.580868 0.932242
6076.589541 0.949566
6076.598213 0.973472
6076.606886 1.004601
6076.615559 1.044235
6076.624231 1.091685
6076.632904 1.146178
6076.641577 1.207775
6076.650249 1.277478
6076.658922 1.357591
6076.676267 1.571443
6076.684940 1.720068
6076.686332 1.745994
6076.689250 1.800618
6076.692126 1.853132
6076.693613 1.879092
6076.695004 1.902354
6076.697923 1.947341
6076.700799 1.986289
6076.703677 2.020599
6076.706596 2.052359
6076.709472 2.082881
6076.712350 2.114772
6076.715268 2.150037
6076.718144 2.188375
6076.721023 2.230226
6076.723941 2.275577
6076.726817 2.322423
6076.729695 2.370886
6076.732614 2.421480
6076.735490 2.472957
6076.738368 2.526541
6076.741286 2.583520
6076.744163 2.642763
6076.747041 2.705401
6076.749959 2.772601
6076.752835 2.842684
6076.755713 2.916875
6076.758632 2.996539
6076.761508 3.079667
6076.764386 3.167756
6076.767304 3.262382
6076.770181 3.361243
6076.773059 3.466035
6076.775977 3.578750
6076.778853 3.696737
6076.781732 3.822310
6076.784650 3.957912
6076.787526 4.100546
6076.790404 4.253025
6076.793323 4.418444
6076.799077 4.778588
6076.801995 4.978827
6076.807750 5.406423
6076.810668 5.638653
6076.813544 5.877725
6076.816422 6.128301
6076.819341 6.396432
6076.822217 6.677690
6076.825095 6.979927
6076.828013 7.311628
6076.830890 7.667456
6076.833768 8.055742
6076.836686 8.486286
6076.839562 8.951004
6076.842441 9.460892
6076.845359 10.028709
6076.848235 10.644898
6076.851114 11.325371
6076.854032 12.089059
6076.856908 12.925255
6076.859786 13.857631
6076.862705 14.916481
6076.865581 16.089664
6076.868459 17.415018
6076.871236 18.862695
6076.874254 20.659232
6076.877132 22.631208
6076.880050 24.941668
6076.882926 27.589854
6076.885805 30.690015
6076.888723 34.393790
6076.891599 38.724542
6076.894478 43.893214
6076.897396 50.178875
6076.900272 57.634433
6076.903150 66.602489
6076.906069 77.499577
6076.908945 90.210505
6076.911823 104.936285
6076.914741 121.666365
6076.917618 139.281960
6076.920496 156.953517
6076.923414 173.596619
6076.926291 187.547899
6076.929169 198.315131
6076.932087 205.896081
6076.934963 210.687363
6076.937842 213.820721
6076.940760 216.141489
6076.943636 217.634259
6076.946515 217.410508
6076.949433 213.941739
6076.952309 206.209191
6076.955188 194.116555
6076.958105 178.511084
6076.960982 161.507414
6076.963860 144.551360
6076.966778 128.655474
6076.969655 114.944571
6076.972533 103.421790
6076.975451 93.945114
6076.981206 81.053142
6076.984124 77.047791
6076.987000 74.552953
6076.989879 73.408866
6076.992797 73.604572
6076.995673 75.176030
6076.998552 78.228394
6077.001470 82.988173
6077.004346 89.471803
6077.007224 97.826612
6077.010142 108.171994
6077.013019 120.052976
6077.015897 133.311511
6077.018815 147.708863
6077.021692 162.233805
6077.024570 176.338629
6077.027488 189.426240
6077.030365 200.555284
6077.033243 209.645505
6077.036053 216.499573
6077.039037 221.629289
6077.041916 224.567441
6077.044834 225.741370
6077.047710 225.442758
6077.050589 223.902167
6077.056383 215.491622
6077.059262 206.837399
6077.062179 194.064614
6077.065056 177.826024
6077.067934 159.160810
6077.073729 120.594527
6077.076607 103.430568
6077.079525 88.215511
6077.082401 75.465049
6077.085280 64.783986
6077.088197 55.820157
6077.091074 48.520144
6077.093953 42.474302
6077.096870 37.391960
6077.099747 33.210301
6077.102626 29.692747
6077.105543 26.679575
6077.108420 24.148924
6077.111299 21.974303
6077.114216 20.069896
6077.117093 18.433774
6077.119971 16.995639
6077.122889 15.705926
6077.125765 14.573991
6077.128644 13.558600
6077.131562 12.633244
6077.134438 11.810719
6077.137317 11.066007
6077.140234 10.382770
6077.143111 9.771400
6077.145990 9.214778
6077.148907 8.700723
6077.151784 8.237336
6077.154662 7.812228
6077.157580 7.416096
6077.160456 7.056294
6077.163335 6.723343
6077.166252 6.410919
6077.169129 6.124894
6077.172008 5.858520
6077.174925 5.606971
6077.177802 5.375296
6077.180681 5.158328
6077.183598 4.952345
6077.186475 4.761682
6077.192271 4.411190
6077.195149 4.252092
6077.198026 4.101939
6077.200943 3.958084
6077.203821 3.823817
6077.206699 3.696608
6077.209616 3.574365
6077.212494 3.459898
6077.215372 3.351113
6077.218289 3.246265
6077.221167 3.147804
6077.224044 3.054008
6077.226961 2.963335
6077.229840 2.877942
6077.232717 2.796427
6077.235634 2.717442
6077.238512 2.642913
6077.241390 2.571567
6077.244307 2.502316
6077.247185 2.436842
6077.250063 2.374044
6077.252979 2.312998
6077.255858 2.255141
6077.258735 2.199594
6077.261652 2.145473
6077.264530 2.094136
6077.267408 2.044744
6077.270325 1.996570
6077.273203 1.950816
6077.276081 1.906744
6077.277461 1.886185
6077.278998 1.863713
6077.281876 1.822803
6077.284753 1.783377
6077.286134 1.764956
6077.294807 1.656319
6077.303479 1.558986
6077.312152 1.472078
6077.320825 1.395377
6077.329497 1.329796
6077.338170 1.278680
6077.346843 1.249601
6077.355516 1.247693
6077.364188 1.247396
6077.372861 1.199797
6077.381534 1.114279
6077.390207 1.043979
6077.398879 1.013544
6077.407552 1.032578
6077.416225 1.104469
6077.424897 1.178112
6077.433570 1.171739
6077.442243 1.090178
6077.450915 0.977053
6077.459588 0.858841
6077.468261 0.763570
6077.476933 0.700024
6077.485606 0.659956
6077.494279 0.630892
6077.502952 0.598531
6077.511624 0.558668
6077.520297 0.525816
6077.528970 0.509893
6077.537642 0.504451
6077.546315 0.504048
6077.554988 0.503021
6077.563661 0.489922
6077.572333 0.463688
6077.581006 0.436342
6077.589679 0.414856
6077.598351 0.398565
6077.607024 0.385575
6077.615697 0.374935
6077.624369 0.366538
6077.633042 0.361061
6077.641715 0.360071
6077.650388 0.364691
6077.659060 0.370267
6077.667733 0.365204
6077.676406 0.346407
6077.685078 0.324552
6077.702424 0.295497
6077.711096 0.286642
6077.719769 0.279814
6077.728442 0.274572
6077.737115 0.270933
6077.745787 0.269357
6077.754460 0.271015
6077.763133 0.278493
6077.771805 0.296685
6077.780478 0.329621
6077.789151 0.365270
6077.806496 0.346926
6077.815169 0.321240
6077.823842 0.315801
6077.832514 0.328080
6077.841187 0.356048
6077.849860 0.392658
6077.858532 0.399936
6077.867205 0.355649
6077.875878 0.296856
