6076.095197 2.539494
6076.103870 2.635493
6076.112542 2.487468
6076.121215 2.176138
6076.129888 1.829370
6076.138560 1.531696
6076.147233 1.308900
6076.164578 1.058141
6076.173251 1.002603
6076.181924 0.974838
6076.190597 0.958685
6076.199269 0.938926
6076.207942 0.908120
6076.216615 0.869152
6076.225287 0.830139
6076.242633 0.777431
6076.251306 0.767881
6076.259978 0.767580
6076.268651 0.773856
6076.277323 0.785329
6076.285996 0.802322
6076.294669 0.825545
6076.303342 0.853834
6076.312014 0.881295
6076.346705 0.891077
6076.355378 0.892342
6076.364050 0.901208
6076.372723 0.916509
6076.381396 0.935211
6076.390068 0.954103
6076.398741 0.972204
6076.407414 0.992009
6076.416086 1.018096
6076.424759 1.054725
6076.433432 1.104441
6076.442105 1.166451
6076.450777 1.233425
6076.459450 1.291300
6076.468123 1.328067
6076.476795 1.343519
6076.485468 1.346520
6076.494141 1.347083
6076.502814 1.353196
6076.511486 1.369681
6076.520159 1.398043
6076.528832 1.437908
6076.537504 1.488227
6076.546177 1.547005
6076.554850 1.610242
6076.563522 1.673041
6076.572195 1.733611
6076.580868 1.794735
6076.589541 1.860482
6076.598213 1.933536
6076.606886 2.015389
6076.615559 2.106941
6076.624231 2.208885
6076.632904 2.322044
6076.641577 2.447550
6076.650249 2.587027
6076.658922 2.742659
6076.676267 3.110419
6076.684940 3.321664
6076.686332 3.356862
6076.689250 3.431561
6076.692126 3.506265
6076.693613 3.545279
6076.695004 3.582012
6076.697923 3.659882
6076.700799 3.737784
6076.703677 3.817170
6076.706596 3.899487
6076.709472 3.982745
6076.712350 4.068570
6076.715268 4.158505
6076.718144 4.250325
6076.721023 4.345666
6076.723941 4.446040
6076.726817 4.548886
6076.729695 4.655931
6076.732614 4.768983
6076.735490 4.885066
6076.738368 5.006205
6076.741286 5.134446
6076.744163 5.266581
6076.747041 5.404790
6076.749959 5.551474
6076.752835 5.702918
6076.755713 5.861728
6076.758632 6.030692
6076.761508 6.205435
6076.764386 6.389042
6076.767304 6.584707
6076.770181 6.787611
6076.773059 7.001166
6076.775977 7.229221
6076.778853 7.466129
6076.781732 7.716176
6076.784650 7.983671
6076.787526 8.262112
6076.790404 8.556444
6076.793323 8.872078
6076.799077 9.549209
6076.801995 9.922946
6076.807750 10.726935
6076.810668 11.171969
6076.813544 11.637954
6076.816422 12.133930
6076.819341 12.670227
6076.822217 13.234691
6076.825095 13.839106
6076.828013 14.496566
6076.830890 15.193441
6076.833768 15.943994
6076.836686 16.765317
6076.839562 17.640588
6076.842441 18.589196
6076.845359 19.632639
6076.848235 20.750760
6076.851114 21.969272
6076.854032 23.317200
6076.856908 24.769919
6076.859786 26.361679
6076.862705 28.134088
6076.865581 30.054856
6076.868459 32.171478
6076.871236 34.420449
6076.874254 37.122742
6076.877132 39.980221
6076.880050 43.190288
6076.882926 46.696936
6076.885805 50.583739
6076.888723 54.943744
6076.891599 59.688155
6076.894478 64.908406
6076.897396 70.695181
6076.900272 76.883892
6076.903150 83.530706
6076.906069 90.673661
6076.908945 98.007669
6076.911823 105.504053
6076.914741 113.090584
6076.917618 120.361631
6076.920496 127.227776
6076.923414 133.583721
6076.926291 139.101949
6076.929169 143.779473
6076.932087 147.615853
6076.934963 150.498212
6076.937842 152.494421
6076.940760 153.598395
6076.943636 153.746081
6076.946515 152.917995
6076.949433 151.068607
6076.952309 148.297572
6076.955188 144.702895
6076.958105 140.417853
6076.960982 135.793193
6076.963860 131.016889
6076.966778 126.255746
6076.969655 121.839296
6076.972533 117.852332
6076.975451 114.367309
6076.981206 109.435765
6076.984124 108.011219
6076.987000 107.351121
6076.989879 107.447619
6076.992797 108.335821
6076.995673 110.010766
6076.998552 112.507846
6077.001470 115.896789
6077.004346 120.070397
6077.007224 124.995436
6077.010142 130.579962
6077.013019 136.425835
6077.015897 142.353656
6077.018815 148.218670
6077.021692 153.680201
6077.024570 158.664506
6077.027488 163.053267
6077.030365 166.542205
6077.033243 169.035870
6077.036053 170.396362
6077.039037 170.616022
6077.041916 169.623334
6077.044834 167.438414
6077.047710 164.169643
6077.050589 159.840663
6077.056383 148.178111
6077.059262 141.103100
6077.062179 133.260957
6077.065056 125.055946
6077.067934 116.598138
6077.073729 99.674831
6077.076607 91.684839
6077.079525 84.040062
6077.082401 77.028810
6077.085280 70.566230
6077.088197 64.591278
6077.091074 59.247074
6077.093953 54.414786
6077.096870 50.006005
6077.099747 46.096259
6077.102626 42.577611
6077.105543 39.372687
6077.108420 36.528352
6077.111299 33.961735
6077.114216 31.614275
6077.117093 29.520021
6077.119971 27.619609
6077.122889 25.868980
6077.125765 24.297750
6077.128644 22.861353
6077.131562 21.529810
6077.134438 20.326971
6077.137317 19.220530
6077.140234 18.189038
6077.143111 17.251208
6077.145990 16.384053
6077.148907 15.571232
6077.151784 14.828283
6077.154662 14.137995
6077.157580 13.487204
6077.160456 12.889795
6077.163335 12.331651
6077.166252 11.803304
6077.169129 11.315713
6077.172008 10.858304
6077.174925 10.423433
6077.177802 10.020423
6077.180681 9.640836
6077.183598 9.278541
6077.186475 8.941523
6077.192271 8.317819
6077.195149 8.032923
6077.198026 7.763025
6077.200943 7.503523
6077.203821 7.260498
6077.206699 7.029520
6077.209616 6.806893
6077.212494 6.597835
6077.215372 6.398625
6077.218289 6.206132
6077.221167 6.024930
6077.224044 5.851918
6077.226961 5.684301
6077.229840 5.526115
6077.232717 5.374815
6077.235634 5.227933
6077.238512 5.089088
6077.241390 4.955943
6077.244307 4.826495
6077.247185 4.703913
6077.250063 4.586164
6077.252979 4.471534
6077.255858 4.362738
6077.258735 4.258148
6077.261652 4.156110
6077.264530 4.059198
6077.267408 3.965845
6077.270325 3.874690
6077.273203 3.788012
6077.276081 3.704429
6077.277461 3.665407
6077.278998 3.622728
6077.281876 3.544969
6077.284753 3.469948
6077.286134 3.434867
6077.294807 3.227569
6077.303479 3.041070
6077.312152 2.873482
6077.320825 2.723630
6077.329497 2.591008
6077.338170 2.475575
6077.346843 2.376814
6077.355516 2.291106
6077.364188 2.210162
6077.372861 2.126376
6077.381534 2.041935
6077.390207 1.967340
6077.398879 1.910860
6077.407552 1.870938
6077.416225 1.834360
6077.424897 1.783804
6077.433570 1.712578
6077.442243 1.627160
6077.450915 1.536970
6077.459588 1.449306
6077.468261 1.369345
6077.476933 1.299234
6077.485606 1.237937
6077.494279 1.182640
6077.502952 1.130887
6077.511624 1.082730
6077.520297 1.040531
6077.528970 1.005737
6077.537642 0.976816
6077.546315 0.950588
6077.554988 0.923984
6077.563661 0.895301
6077.572333 0.865085
6077.581006 0.835260
6077.589679 0.807403
6077.598351 0.782103
6077.607024 0.759356
6077.615697 0.739043
6077.624369 0.721099
6077.633042 0.705451
6077.641715 0.691736
6077.650388 0.678866
6077.659060 0.665043
6077.667733 0.648856
6077.676406 0.630581
6077.685078 0.611864
6077.702424 0.578515
6077.711096 0.564763
6077.719769 0.552967
6077.728442 0.543162
6077.737115 0.535549
6077.745787 0.530560
6077.754460 0.528825
6077.763133 0.530940
6077.771805 0.536655
6077.780478 0.543555
6077.789151 0.547004
6077.806496 0.535049
6077.815169 0.526720
6077.823842 0.522695
6077.832514 0.523577
6077.841187 0.526358
6077.849860 0.524644
6077.858532 0.512266
6077.867205 0.489517
6077.875878 0.463062
