6076.095197 3.812965
6076.103870 7.798368
6076.112542 7.386510
6076.121215 3.322856
6076.129888 1.095935
6076.138560 0.482674
6076.147233 0.298262
6076.164578 0.188014
6076.173251 0.187378
6076.181924 0.258075
6076.190597 0.486932
6076.199269 0.779540
6076.207942 0.772563
6076.216615 0.506258
6076.225287 0.319431
6076.242633 0.140467
6076.251306 0.131963
6076.259978 0.168172
6076.268651 0.227376
6076.277323 0.226260
6076.285996 0.211017
6076.294669 0.247880
6076.303342 0.303148
6076.312014 0.458354
6076.346705 0.276507
6076.355378 0.223070
6076.364050 0.175237
6076.372723 0.194177
6076.381396 0.249814
6076.390068 0.315600
6076.398741 0.327828
6076.407414 0.236339
6076.416086 0.167522
6076.424759 0.152476
6076.433432 0.160623
6076.442105 0.195913
6076.450777 0.334318
6076.459450 0.674190
6076.468123 0.868651
6076.476795 0.677456
6076.485468 0.553574
6076.494141 0.423697
6076.502814 0.266756
6076.511486 0.205611
6076.520159 0.193987
6076.528832 0.195904
6076.537504 0.207078
6076.546177 0.245123
6076.554850 0.341160
6076.563522 0.412314
6076.572195 0.356510
6076.580868 0.304193
6076.589541 0.300574
6076.598213 0.285906
6076.606886 0.273726
6076.615559 0.277539
6076.624231 0.288553
6076.632904 0.302430
6076.641577 0.318418
6076.650249 0.336662
6076.658922 0.357895
6076.676267 0.425964
6076.684940 0.528151
6076.686332 0.555719
6076.689250 0.624343
6076.692126 0.701148
6076.693613 0.740732
6076.695004 0.775257
6076.697923 0.831822
6076.700799 0.856428
6076.703677 0.846487
6076.706596 0.808959
6076.709472 0.760532
6076.712350 0.717200
6076.715268 0.690383
6076.718144 0.685062
6076.721023 0.698000
6076.723941 0.722028
6076.726817 0.746930
6076.729695 0.765059
6076.732614 0.772810
6076.735490 0.771662
6076.738368 0.767030
6076.741286 0.764377
6076.744163 0.766783
6076.747041 0.774030
6076.749959 0.784299
6076.752835 0.795415
6076.755713 0.806953
6076.758632 0.819784
6076.761508 0.834657
6076.764386 0.852436
6076.767304 0.873356
6076.770181 0.896298
6076.773059 0.921048
6076.775977 0.947863
6076.778853 0.976297
6076.781732 1.007326
6076.784650 1.042124
6076.787526 1.080631
6076.790404 1.124683
6076.793323 1.177036
6076.799077 1.312631
6076.801995 1.400185
6076.807750 1.590713
6076.810668 1.677620
6076.813544 1.745405
6076.816422 1.793914
6076.819341 1.829444
6076.822217 1.861610
6076.825095 1.901456
6076.828013 1.956708
6076.830890 2.028391
6076.833768 2.116778
6076.836686 2.221936
6076.839562 2.339753
6076.842441 2.471498
6076.845359 2.619721
6076.848235 2.781599
6076.851114 2.961246
6076.854032 3.163816
6076.856908 3.386741
6076.859786 3.636742
6076.862705 3.922600
6076.865581 4.241926
6076.868459 4.606240
6076.871236 5.008896
6076.874254 5.516105
6076.877132 6.083437
6076.880050 6.763864
6076.882926 7.567146
6076.885805 8.543509
6076.888723 9.768352
6076.891599 11.294320
6076.894478 13.271900
6076.897396 15.952228
6076.900272 19.608768
6076.903150 24.851323
6076.906069 32.752101
6076.908945 44.564267
6076.911823 62.445118
6076.914741 89.123708
6076.917618 125.358951
6076.920496 170.397832
6076.923414 219.851212
6076.926291 263.818302
6076.929169 294.448667
6076.932087 307.356554
6076.934963 304.548993
6076.937842 294.855365
6076.940760 289.321746
6076.943636 295.831272
6076.946515 312.984415
6076.949433 329.652513
6076.952309 330.034232
6076.955188 305.599481
6076.958105 259.033581
6076.960982 203.702307
6076.963860 151.274532
6076.966778 108.378331
6076.969655 77.835013
6076.972533 57.275961
6076.975451 43.855782
6076.981206 30.147146
6076.984124 26.750911
6076.987000 24.746785
6076.989879 23.756273
6076.992797 23.666404
6076.995673 24.498653
6076.998552 26.394085
6077.001470 29.716678
6077.004346 34.941361
6077.007224 43.044393
6077.010142 55.571084
6077.013019 73.723202
6077.015897 98.742346
6077.018815 130.660213
6077.021692 165.454215
6077.024570 197.739051
6077.027488 221.586365
6077.030365 233.942018
6077.033243 238.847321
6077.036053 243.003208
6077.039037 251.623704
6077.041916 263.493223
6077.044834 275.075679
6077.047710 283.805745
6077.050589 292.255048
6077.056383 321.037578
6077.059262 332.753931
6077.062179 327.486278
6077.065056 298.341438
6077.067934 249.616167
6077.073729 140.212866
6077.076607 98.391234
6077.079525 67.852478
6077.082401 47.597878
6077.085280 34.386217
6077.088197 25.733303
6077.091074 20.108756
6077.093953 16.256198
6077.096870 13.481542
6077.099747 11.461384
6077.102626 9.917821
6077.105543 8.696245
6077.108420 7.739278
6077.111299 6.969731
6077.114216 6.338773
6077.117093 5.826693
6077.119971 5.389490
6077.122889 4.991084
6077.125765 4.620039
6077.128644 4.260576
6077.131562 3.911252
6077.134438 3.591033
6077.137317 3.303115
6077.140234 3.048477
6077.143111 2.832148
6077.145990 2.645245
6077.148907 2.480101
6077.151784 2.336013
6077.154662 2.206738
6077.157580 2.088087
6077.160456 1.981448
6077.163335 1.883528
6077.166252 1.792206
6077.169129 1.709021
6077.172008 1.631883
6077.174925 1.559314
6077.177802 1.492703
6077.180681 1.430510
6077.183598 1.371630
6077.186475 1.317268
6077.192271 1.217677
6077.195149 1.172613
6077.198026 1.130163
6077.200943 1.089567
6077.203821 1.051739
6077.206699 1.015956
6077.209616 0.981622
6077.212494 0.949516
6077.215372 0.919045
6077.218289 0.889714
6077.221167 0.862203
6077.224044 0.836024
6077.226961 0.810745
6077.229840 0.786962
6077.232717 0.764282
6077.235634 0.742326
6077.238512 0.721627
6077.241390 0.701829
6077.244307 0.682628
6077.247185 0.664489
6077.250063 0.647104
6077.252979 0.630216
6077.255858 0.614221
6077.258735 0.598875
6077.261652 0.583933
6077.264530 0.569767
6077.267408 0.556147
6077.270325 0.542870
6077.273203 0.530267
6077.276081 0.518133
6077.277461 0.512475
6077.278998 0.506292
6077.281876 0.495041
6077.284753 0.484203
6077.286134 0.479141
6077.294807 0.449315
6077.303479 0.422637
6077.312152 0.398879
6077.320825 0.378043
6077.329497 0.360659
6077.338170 0.349396
6077.346843 0.360068
6077.355516 0.451073
6077.364188 0.607695
6077.372861 0.569388
6077.381534 0.390212
6077.390207 0.304917
6077.398879 0.282737
6077.407552 0.292275
6077.416225 0.402475
6077.424897 0.717155
6077.433570 0.941197
6077.442243 0.856345
6077.450915 0.674867
6077.459588 0.409445
6077.468261 0.251675
6077.476933 0.202655
6077.485606 0.193878
6077.494279 0.213256
6077.502952 0.220553
6077.511624 0.163826
6077.520297 0.121895
6077.528970 0.129739
6077.537642 0.139152
6077.546315 0.156205
6077.554988 0.201835
6077.563661 0.223355
6077.572333 0.175071
6077.581006 0.130612
6077.589679 0.114416
6077.598351 0.108017
6077.607024 0.103995
6077.615697 0.100950
6077.624369 0.098687
6077.633042 0.097606
6077.641715 0.099961
6077.650388 0.116451
6077.659060 0.163618
6077.667733 0.194979
6077.676406 0.152211
6077.685078 0.104204
6077.702424 0.080410
6077.711096 0.077344
6077.719769 0.075253
6077.728442 0.073723
6077.737115 0.072683
6077.745787 0.072255
6077.754460 0.072850
6077.763133 0.075779
6077.771805 0.086936
6077.780478 0.134315
6077.789151 0.258649
6077.806496 0.230152
6077.815169 0.132623
6077.823842 0.131397
6077.832514 0.164659
6077.841187 0.188973
6077.849860 0.299955
6077.858532 0.429643
6077.867205 0.318949
6077.875878 0.148215
