6076.095197 1.938846
6076.103870 1.944472
6076.112542 1.915281
6076.121215 1.859893
6076.129888 1.789758
6076.138560 1.715684
6076.147233 1.645643
6076.164578 1.533177
6076.173251 1.492047
6076.181924 1.459338
6076.190597 1.433193
6076.199269 1.412053
6076.207942 1.394999
6076.216615 1.381791
6076.225287 1.372632
6076.242633 1.367772
6076.251306 1.372390
6076.259978 1.381593
6076.268651 1.395126
6076.277323 1.412641
6076.285996 1.433675
6076.294669 1.457560
6076.303342 1.483356
6076.312014 1.509967
6076.346705 1.616077
6076.355378 1.645347
6076.364050 1.677357
6076.372723 1.712508
6076.381396 1.750991
6076.390068 1.792994
6076.398741 1.838798
6076.407414 1.888709
6076.416086 1.942904
6076.424759 2.001227
6076.433432 2.062990
6076.442105 2.127004
6076.450777 2.191848
6076.459450 2.256418
6076.468123 2.320372
6076.476795 2.384337
6076.485468 2.449721
6076.494141 2.518250
6076.502814 2.591589
6076.511486 2.671087
6076.520159 2.757707
6076.528832 2.851993
6076.537504 2.954163
6076.546177 3.064256
6076.554850 3.182207
6076.563522 3.308123
6076.572195 3.442511
6076.580868 3.586275
6076.589541 3.740671
6076.598213 3.907115
6076.606886 4.087138
6076.615559 4.282248
6076.624231 4.494001
6076.632904 4.724130
6076.641577 4.974426
6076.650249 5.246797
6076.658922 5.543360
6076.676267 6.217764
6076.684940 6.600783
6076.686332 6.665412
6076.689250 6.803888
6076.692126 6.944479
6076.693613 7.018827
6076.695004 7.089428
6076.697923 7.240995
6076.700799 7.395023
6076.703677 7.554050
6076.706596 7.720587
6076.709472 7.890097
6076.712350 8.065390
6076.715268 8.249201
6076.718144 8.436665
6076.721023 8.630911
6076.723941 8.834860
6076.726817 9.043198
6076.729695 9.259337
6076.732614 9.486784
6076.735490 9.719407
6076.738368 9.961106
6076.741286 10.215743
6076.744163 10.476742
6076.747041 10.748227
6076.749959 11.034664
6076.752835 11.328579
6076.755713 11.634846
6076.758632 11.958560
6076.761508 12.291092
6076.764386 12.638094
6076.767304 13.005262
6076.770181 13.383237
6076.773059 13.778090
6076.775977 14.196496
6076.778853 14.627688
6076.781732 15.079102
6076.784650 15.557979
6076.787526 16.052217
6076.790404 16.570208
6076.793323 17.120915
6076.799077 18.287232
6076.801995 18.922989
6076.807750 20.273287
6076.810668 21.010924
6076.813544 21.775748
6076.816422 22.581036
6076.819341 23.441171
6076.822217 24.334046
6076.825095 25.275502
6076.828013 26.282087
6076.830890 27.329013
6076.833768 28.433740
6076.836686 29.616003
6076.839562 30.846119
6076.842441 32.145712
6076.845359 33.536381
6076.848235 34.983241
6076.851114 36.511184
6076.854032 38.144863
6076.856908 39.842390
6076.859786 41.631230
6076.862705 43.540665
6076.865581 45.518107
6076.868459 47.594227
6076.871236 49.690647
6076.874254 52.072672
6076.877132 54.443429
6076.880050 56.943160
6076.882926 59.497033
6076.885805 62.136846
6076.888723 64.888872
6076.891599 67.665959
6076.894478 70.497376
6076.897396 73.404158
6076.900272 76.288050
6076.903150 79.173354
6076.906069 82.077603
6076.908945 84.894891
6076.911823 87.647618
6076.914741 90.347999
6076.917618 92.900072
6076.920496 95.324565
6076.923414 97.635100
6076.926291 99.754437
6076.929169 101.706874
6076.932087 103.508275
6076.934963 105.104284
6076.937842 106.522495
6076.940760 107.778621
6076.943636 108.842993
6076.946515 109.743855
6076.949433 110.500446
6076.952309 111.106683
6076.955188 111.592480
6076.958105 111.981692
6076.960982 112.286151
6076.963860 112.534832
6076.966778 112.753558
6076.969655 112.958805
6076.972533 113.174528
6076.975451 113.422571
6076.981206 114.055866
6076.984124 114.469781
6076.987000 114.945345
6076.989879 115.489713
6076.992797 116.111996
6076.995673 116.799144
6076.998552 117.570329
6077.001470 118.446441
6077.004346 119.391372
6077.007224 120.358621
6077.010142 121.242024
6077.013019 121.872580
6077.015897 122.157152
6077.018815 122.070296
6077.021692 121.672947
6077.024570 121.047718
6077.027488 120.231094
6077.030365 119.242380
6077.033243 118.032881
6077.036053 116.597118
6077.039037 114.764494
6077.041916 112.684358
6077.044834 110.271600
6077.047710 107.617474
6077.050589 104.720942
6077.056383 98.333587
6077.059262 94.967644
6077.062179 91.480620
6077.065056 88.000481
6077.067934 84.509135
6077.073729 77.555590
6077.076607 74.185199
6077.079525 70.849377
6077.082401 67.656364
6077.085280 64.565714
6077.088197 61.550835
6077.091074 58.698164
6077.093953 55.967221
6077.096870 53.328007
6077.099747 50.850791
6077.102626 48.495355
6077.105543 46.232102
6077.108420 44.117879
6077.111299 42.115332
6077.114216 40.197101
6077.117093 38.409460
6077.119971 36.719792
6077.122889 35.102138
6077.125765 33.596787
6077.128644 32.173432
6077.131562 30.811207
6077.134438 29.543142
6077.137317 28.343450
6077.140234 27.194730
6077.143111 26.123597
6077.145990 25.109402
6077.148907 24.137026
6077.151784 23.229033
6077.154662 22.368297
6077.157580 21.541158
6077.160456 20.768032
6077.163335 20.033379
6077.166252 19.326645
6077.169129 18.664418
6077.172008 18.034236
6077.174925 17.426893
6077.177802 16.856752
6077.180681 16.313207
6077.183598 15.788399
6077.186475 15.294837
6077.192271 14.367493
6077.195149 13.937771
6077.198026 13.527064
6077.200943 13.128826
6077.203821 12.752859
6077.206699 12.392804
6077.209616 12.043224
6077.212494 11.712656
6077.215372 11.395574
6077.218289 11.087233
6077.221167 10.795212
6077.224044 10.514779
6077.226961 10.241575
6077.229840 9.982369
6077.232717 9.733189
6077.235634 9.490097
6077.238512 9.259227
6077.241390 9.036841
6077.244307 8.819687
6077.247185 8.613193
6077.250063 8.414045
6077.252979 8.219419
6077.255858 8.034006
6077.258735 7.855116
6077.261652 7.679977
6077.264530 7.513070
6077.267408 7.351761
6077.270325 7.193739
6077.273203 7.043003
6077.276081 6.897194
6077.277461 6.828967
6077.278998 6.754233
6077.281876 6.617752
6077.284753 6.485680
6077.286134 6.423782
6077.294807 6.056033
6077.303479 5.721739
6077.312152 5.417411
6077.320825 5.140148
6077.329497 4.887368
6077.338170 4.656563
6077.346843 4.445313
6077.355516 4.251104
6077.364188 4.071488
6077.372861 3.904236
6077.381534 3.747590
6077.390207 3.599978
6077.398879 3.459747
6077.407552 3.325122
6077.416225 3.194729
6077.424897 3.067982
6077.433570 2.945032
6077.442243 2.826499
6077.450915 2.713033
6077.459588 2.605070
6077.468261 2.502848
6077.476933 2.406370
6077.485606 2.315438
6077.494279 2.229823
6077.502952 2.149325
6077.511624 2.073826
6077.520297 2.003160
6077.528970 1.937039
6077.537642 1.874967
6077.546315 1.816321
6077.554988 1.760560
6077.563661 1.707316
6077.572333 1.656432
6077.581006 1.607866
6077.589679 1.561643
6077.598351 1.517766
6077.607024 1.476174
6077.615697 1.436762
6077.624369 1.399369
6077.633042 1.363770
6077.641715 1.329722
6077.650388 1.296987
6077.659060 1.265390
6077.667733 1.234851
6077.676406 1.205414
6077.685078 1.177200
6077.702424 1.125000
6077.711096 1.101259
6077.719769 1.079194
6077.728442 1.058848
6077.737115 1.040208
6077.745787 1.023202
6077.754460 1.007642
6077.763133 0.993212
6077.771805 0.979473
6077.780478 0.965956
6077.789151 0.952321
6077.806496 0.924454
6077.815169 0.910439
6077.823842 0.896368
6077.832514 0.881930
6077.841187 0.866640
6077.849860 0.850091
6077.858532 0.832210
6077.867205 0.813320
6077.875878 0.794006
