6076.095197 3.922546
6076.103870 6.019591
6076.112542 5.530616
6076.121215 3.182527
6076.129888 1.535893
6076.138560 0.841479
6076.147233 0.557485
6076.164578 0.366117
6076.173251 0.359238
6076.181924 0.425598
6076.190597 0.585461
6076.199269 0.740090
6076.207942 0.715164
6076.216615 0.552958
6076.225287 0.409424
6076.242633 0.258917
6076.251306 0.248581
6076.259978 0.271689
6076.268651 0.303649
6076.277323 0.309239
6076.285996 0.313164
6076.294669 0.342746
6076.303342 0.399254
6076.312014 0.504667
6076.346705 0.361981
6076.355378 0.325196
6076.364050 0.302012
6076.372723 0.318082
6076.381396 0.358761
6076.390068 0.399541
6076.398741 0.398958
6076.407414 0.348354
6076.416086 0.308255
6076.424759 0.301285
6076.433432 0.320203
6076.442105 0.376613
6076.450777 0.518401
6076.459450 0.747677
6076.468123 0.853869
6076.476795 0.759828
6076.485468 0.659187
6076.494141 0.551806
6076.502814 0.447288
6076.511486 0.397571
6076.520159 0.385943
6076.528832 0.391589
6076.537504 0.410857
6076.546177 0.454377
6076.554850 0.528739
6076.563522 0.578977
6076.572195 0.560114
6076.580868 0.535843
6076.589541 0.534448
6076.598213 0.534735
6076.606886 0.540169
6076.615559 0.556433
6076.624231 0.580061
6076.632904 0.608378
6076.641577 0.640767
6076.650249 0.677652
6076.658922 0.720491
6076.676267 0.847820
6076.684940 0.973195
6076.686332 0.999556
6076.689250 1.058644
6076.692126 1.117875
6076.693613 1.146766
6076.695004 1.171579
6076.697923 1.213506
6076.700799 1.238125
6076.703677 1.246186
6076.706596 1.242044
6076.709472 1.233168
6076.712350 1.226936
6076.715268 1.228676
6076.718144 1.240303
6076.721023 1.260609
6076.723941 1.286649
6076.726817 1.313701
6076.729695 1.339026
6076.732614 1.361620
6076.735490 1.381520
6076.738368 1.400989
6076.741286 1.422314
6076.744163 1.446149
6076.747041 1.473055
6076.749959 1.503131
6076.752835 1.535158
6076.755713 1.569523
6076.758632 1.607028
6076.761508 1.646986
6076.764386 1.690251
6076.767304 1.737575
6076.770181 1.787646
6076.773059 1.841162
6076.775977 1.899115
6076.778853 1.960241
6076.781732 2.025951
6076.784650 2.097875
6076.787526 2.174893
6076.790404 2.259162
6076.793323 2.353315
6076.799077 2.568978
6076.801995 2.693698
6076.807750 2.958170
6076.810668 3.092974
6076.813544 3.221721
6076.816422 3.346388
6076.819341 3.471976
6076.822217 3.600575
6076.825095 3.740265
6076.828013 3.898335
6076.830890 4.073800
6076.833768 4.270775
6076.836686 4.493675
6076.839562 4.737486
6076.842441 5.007261
6076.845359 5.309413
6076.848235 5.638741
6076.851114 6.003832
6076.854032 6.415176
6076.856908 6.867496
6076.859786 7.374273
6076.862705 7.953045
6076.865581 8.598585
6076.868459 9.333606
6076.871236 10.143898
6076.874254 11.161013
6076.877132 12.293276
6076.880050 13.642590
6076.882926 15.221648
6076.885805 17.117939
6076.888723 19.456648
6076.891599 22.301132
6076.894478 25.864836
6076.897396 30.468748
6076.900272 36.348707
6076.903150 44.077806
6076.906069 54.515885
6076.908945 68.253244
6076.911823 86.402705
6076.914741 110.045315
6076.917618 138.398799
6076.920496 170.093262
6076.923414 202.100313
6076.926291 229.150566
6076.929169 248.226445
6076.932087 258.289389
6076.934963 260.905034
6076.937842 260.391846
6076.940760 261.376543
6076.943636 266.258137
6076.946515 273.157131
6076.949433 276.249336
6076.952309 269.039648
6076.955188 248.973922
6076.958105 218.278410
6076.960982 183.665573
6076.963860 150.334087
6076.966778 121.341028
6076.969655 98.631840
6076.972533 81.425297
6076.975451 68.636706
6076.981206 53.185303
6076.984124 48.767067
6076.987000 46.020834
6076.989879 44.625686
6076.992797 44.498844
6076.995673 45.682411
6076.998552 48.330708
6077.001470 52.789855
6077.004346 59.312641
6077.007224 68.418713
6077.010142 80.808863
6077.013019 96.590804
6077.015897 116.058340
6077.018815 138.965415
6077.021692 163.011107
6077.024570 185.897248
6077.027488 205.244171
6077.030365 219.376181
6077.033243 229.596276
6077.036053 237.781045
6077.039037 245.929710
6077.041916 253.023495
6077.044834 258.541310
6077.047710 262.433887
6077.050589 266.184392
6077.056383 274.633465
6077.059262 273.042687
6077.062179 260.861310
6077.065056 236.787965
6077.067934 203.837507
6077.073729 133.318077
6077.076607 104.476706
6077.079525 81.296408
6077.082401 63.920885
6077.085280 50.935306
6077.088197 41.178802
6077.091074 33.997927
6077.093953 28.552982
6077.096870 24.310025
6077.099747 21.034643
6077.102626 18.421719
6077.105543 16.282327
6077.108420 14.554432
6077.111299 13.119598
6077.114216 11.900125
6077.117093 10.877085
6077.119971 9.991061
6077.122889 9.199778
6077.125765 8.501499
6077.128644 7.868528
6077.131562 7.286171
6077.134438 6.766652
6077.137317 6.298248
6077.140234 5.873226
6077.143111 5.498585
6077.145990 5.162860
6077.148907 4.857316
6077.151784 4.585242
6077.154662 4.338046
6077.157580 4.109444
6077.160456 3.903045
6077.163335 3.712960
6077.166252 3.535302
6077.169129 3.373205
6077.172008 3.222688
6077.174925 3.080916
6077.177802 2.950648
6077.180681 2.828907
6077.183598 2.713552
6077.186475 2.606967
6077.192271 2.411498
6077.195149 2.322965
6077.198026 2.239518
6077.200943 2.159672
6077.203821 2.085233
6077.206699 2.014785
6077.209616 1.947157
6077.212494 1.883893
6077.215372 1.823824
6077.218289 1.765980
6077.221167 1.711705
6077.224044 1.660041
6077.226961 1.610136
6077.229840 1.563170
6077.232717 1.518366
6077.235634 1.474982
6077.238512 1.434070
6077.241390 1.394929
6077.244307 1.356958
6077.247185 1.321078
6077.250063 1.286682
6077.252979 1.253262
6077.255858 1.221603
6077.258735 1.191222
6077.261652 1.161634
6077.264530 1.133579
6077.267408 1.106599
6077.270325 1.080294
6077.273203 1.055320
6077.276081 1.031273
6077.277461 1.020059
6077.278998 1.007803
6077.281876 0.985497
6077.284753 0.964008
6077.286134 0.953970
6077.294807 0.894810
6077.303479 0.841870
6077.312152 0.794695
6077.320825 0.753257
6077.329497 0.718441
6077.338170 0.694036
6077.346843 0.694271
6077.355516 0.748523
6077.364188 0.825324
6077.372861 0.788012
6077.381534 0.663060
6077.390207 0.581562
6077.398879 0.554012
6077.407552 0.575377
6077.416225 0.692329
6077.424897 0.901980
6077.433570 0.995434
6077.442243 0.911529
6077.450915 0.760376
6077.459588 0.578770
6077.468261 0.452477
6077.476933 0.393248
6077.485606 0.370880
6077.494279 0.367558
6077.502952 0.353525
6077.511624 0.308939
6077.520297 0.273479
6077.528970 0.269599
6077.537642 0.275000
6077.546315 0.287918
6077.554988 0.311153
6077.563661 0.313142
6077.572333 0.279153
6077.581006 0.244973
6077.589679 0.225973
6077.598351 0.215142
6077.607024 0.207519
6077.615697 0.201587
6077.624369 0.197124
6077.633042 0.194815
6077.641715 0.197361
6077.650388 0.211564
6077.659060 0.238619
6077.667733 0.248363
6077.676406 0.220280
6077.685078 0.187232
6077.702424 0.159899
6077.711096 0.154311
6077.719769 0.150320
6077.728442 0.147357
6077.737115 0.145343
6077.745787 0.144540
6077.754460 0.145748
6077.763133 0.151256
6077.771805 0.168364
6077.780478 0.215518
6077.789151 0.295726
6077.806496 0.268324
6077.815169 0.210258
6077.823842 0.204300
6077.832514 0.224381
6077.841187 0.259187
6077.849860 0.339627
6077.858532 0.395177
6077.867205 0.319397
6077.875878 0.209720
