6076.095197 3.100952
6076.103870 3.460995
6076.112542 3.195823
6076.121215 2.524675
6076.129888 1.857060
6076.138560 1.378849
6076.147233 1.078561
6076.164578 0.802413
6076.173251 0.763749
6076.181924 0.769305
6076.190597 0.795175
6076.199269 0.804311
6076.207942 0.772563
6076.216615 0.710734
6076.225287 0.644980
6076.242633 0.560444
6076.251306 0.548237
6076.259978 0.550506
6076.268651 0.559219
6076.277323 0.570200
6076.285996 0.586437
6076.294669 0.612540
6076.303342 0.650872
6076.312014 0.693193
6076.346705 0.649629
6076.355378 0.637896
6076.364050 0.638846
6076.372723 0.652193
6076.381396 0.671835
6076.390068 0.688207
6076.398741 0.694714
6076.407414 0.695484
6076.416086 0.702200
6076.424759 0.723995
6076.433432 0.766698
6076.442105 0.835735
6076.450777 0.928200
6076.459450 1.015370
6076.468123 1.056415
6076.476795 1.047411
6076.485468 1.014521
6076.494141 0.976566
6076.502814 0.947485
6076.511486 0.936659
6076.520159 0.944299
6076.528832 0.967214
6076.537504 1.003741
6076.546177 1.052860
6076.554850 1.108079
6076.563522 1.155516
6076.572195 1.189012
6076.580868 1.217991
6076.589541 1.251584
6076.598213 1.292079
6076.606886 1.340410
6076.615559 1.397277
6076.624231 1.462658
6076.632904 1.536539
6076.641577 1.619445
6076.650249 1.712704
6076.658922 1.818793
6076.676267 2.086318
6076.684940 2.252406
6076.686332 2.280272
6076.689250 2.338813
6076.692126 2.395881
6076.693613 2.424862
6076.695004 2.451544
6076.697923 2.506034
6076.700799 2.557782
6076.703677 2.608132
6076.706596 2.658625
6076.709472 2.708864
6076.712350 2.760616
6076.715268 2.815371
6076.718144 2.872034
6076.721023 2.931590
6076.723941 2.994804
6076.726817 3.059811
6076.729695 3.127504
6076.732614 3.198929
6076.735490 3.272230
6076.738368 3.348784
6076.741286 3.430018
6076.744163 3.514019
6076.747041 3.602257
6076.749959 3.696336
6076.752835 3.793915
6076.755713 3.896705
6076.758632 4.006556
6076.761508 4.120657
6076.764386 4.241047
6076.767304 4.369863
6076.770181 4.503975
6076.773059 4.645682
6076.775977 4.797622
6076.778853 4.956128
6076.781732 5.124175
6076.784650 5.304821
6076.787526 5.493819
6076.790404 5.694639
6076.793323 5.911069
6076.799077 6.378094
6076.801995 6.636553
6076.807750 7.191194
6076.810668 7.496413
6076.813544 7.814456
6076.816422 8.151609
6076.819341 8.515364
6076.822217 8.898310
6076.825095 9.309460
6076.828013 9.758837
6076.830890 10.238137
6076.833768 10.758021
6076.836686 11.331259
6076.839562 11.946959
6076.842441 12.619605
6076.845359 13.365715
6076.848235 14.172295
6076.851114 15.059570
6076.854032 16.051198
6076.856908 17.132005
6076.859786 18.330989
6076.862705 19.684690
6076.865581 21.174606
6076.868459 22.845033
6076.871236 24.654017
6076.874254 26.876076
6076.877132 29.285866
6076.880050 32.070348
6076.882926 35.210500
6076.885805 38.817857
6076.888723 43.032529
6076.891599 47.833630
6076.894478 53.392264
6076.897396 59.915323
6076.900272 67.340209
6076.903150 75.863503
6076.906069 85.687929
6076.908945 96.509785
6076.911823 108.328088
6076.914741 121.003879
6076.917618 133.702863
6076.920496 146.006767
6076.923414 157.440017
6076.926291 167.162548
6076.929169 175.038412
6076.932087 181.097427
6076.934963 185.382011
6076.937842 188.301262
6076.940760 190.046678
6076.943636 190.456518
6076.946515 189.165923
6076.949433 185.641913
6076.952309 179.732389
6076.955188 171.549871
6076.958105 161.511854
6076.960982 150.673008
6076.963860 139.689289
6076.966778 129.071710
6076.969655 119.563961
6076.972533 111.261513
6076.975451 104.187915
6076.981206 94.213858
6076.984124 91.086171
6076.987000 89.210983
6076.989879 88.507602
6076.992797 88.994749
6076.995673 90.693441
6076.998552 93.675378
6077.001470 98.094933
6077.004346 103.892135
6077.007224 111.111722
6077.010142 119.741274
6077.013019 129.282609
6077.015897 139.523187
6077.018815 150.254801
6077.021692 160.812410
6077.024570 170.961383
6077.027488 180.408827
6077.030365 188.494809
6077.033243 195.042964
6077.036053 199.754743
6077.039037 202.860863
6077.041916 204.053092
6077.044834 203.591275
6077.047710 201.632698
6077.050589 198.219069
6077.056383 186.316530
6077.059262 177.444069
6077.062179 166.398759
6077.065056 153.825201
6077.067934 140.197780
6077.073729 112.477095
6077.076607 99.751235
6077.079525 88.032605
6077.082401 77.772684
6077.085280 68.779565
6077.088197 60.886081
6077.091074 54.178899
6077.093953 48.403937
6077.096870 43.374408
6077.099747 39.103097
6077.102626 35.408406
6077.105543 32.163782
6077.108420 29.378226
6077.111299 26.938330
6077.114216 24.765780
6077.117093 22.873067
6077.119971 21.190745
6077.122889 19.668978
6077.125765 18.324735
6077.128644 17.112912
6077.131562 16.003747
6077.134438 15.013510
6077.137317 14.112630
6077.140234 13.281656
6077.143111 12.533807
6077.145990 11.848982
6077.148907 11.212971
6077.151784 10.636655
6077.154662 10.105470
6077.157580 9.608411
6077.160456 9.155260
6077.163335 8.734556
6077.166252 8.338633
6077.169129 7.975214
6077.172008 7.635969
6077.174925 7.314918
6077.177802 7.018654
6077.180681 6.740702
6077.183598 6.476388
6077.186475 6.231357
6077.192271 5.779996
6077.195149 5.574720
6077.198026 5.380762
6077.200943 5.194739
6077.203821 5.020935
6077.206699 4.856112
6077.209616 4.697581
6077.212494 4.549007
6077.215372 4.407696
6077.218289 4.271393
6077.221167 4.143303
6077.224044 4.021197
6077.226961 3.903082
6077.229840 3.791774
6077.232717 3.685458
6077.235634 3.582383
6077.238512 3.485071
6077.241390 3.391868
6077.244307 3.301356
6077.247185 3.215741
6077.250063 3.133589
6077.252979 3.053694
6077.255858 2.977941
6077.258735 2.905183
6077.261652 2.834267
6077.264530 2.766972
6077.267408 2.702204
6077.270325 2.639013
6077.273203 2.578975
6077.276081 2.521125
6077.277461 2.494133
6077.278998 2.464623
6077.281876 2.410889
6077.284753 2.359087
6077.286134 2.334879
6077.294807 2.192026
6077.303479 2.063881
6077.312152 1.949242
6077.320825 1.847629
6077.329497 1.759598
6077.338170 1.687340
6077.346843 1.634483
6077.355516 1.600019
6077.364188 1.565959
6077.372861 1.507340
6077.381534 1.429549
6077.390207 1.362780
6077.398879 1.327594
6077.407552 1.330651
6077.416225 1.360521
6077.424897 1.374918
6077.433570 1.336526
6077.442243 1.255365
6077.450915 1.156359
6077.459588 1.056929
6077.468261 0.971861
6077.476933 0.906795
6077.485606 0.857989
6077.494279 0.817515
6077.502952 0.777300
6077.511624 0.736007
6077.520297 0.701330
6077.528970 0.678705
6077.537642 0.664887
6077.546315 0.654749
6077.554988 0.642864
6077.563661 0.623627
6077.572333 0.597602
6077.581006 0.570911
6077.589679 0.547652
6077.598351 0.528222
6077.607024 0.511829
6077.615697 0.497937
6077.624369 0.486499
6077.633042 0.477933
6077.641715 0.472831
6077.650388 0.470608
6077.659060 0.467336
6077.667733 0.457374
6077.676406 0.440194
6077.685078 0.421104
6077.702424 0.391131
6077.711096 0.380479
6077.719769 0.371890
6077.728442 0.365114
6077.737115 0.360257
6077.745787 0.357845
6077.754460 0.359004
6077.763133 0.365739
6077.771805 0.380518
6077.780478 0.402689
6077.789151 0.421981
6077.806496 0.408009
6077.815169 0.392478
6077.823842 0.388442
6077.832514 0.396906
6077.841187 0.415169
6077.849860 0.432659
6077.858532 0.428176
6077.867205 0.395151
6077.875878 0.353491
