6076.095197 2.014595
6076.103870 2.022840
6076.112542 1.974450
6076.121215 1.884727
6076.129888 1.774713
6076.138560 1.663234
6076.147233 1.562695
6076.164578 1.412927
6076.173251 1.362481
6076.181924 1.323960
6076.190597 1.293438
6076.199269 1.267803
6076.207942 1.245407
6076.216615 1.226073
6076.225287 1.210538
6076.242633 1.194328
6076.251306 1.194467
6076.259978 1.199930
6076.268651 1.210310
6076.277323 1.225170
6076.285996 1.244020
6076.294669 1.266090
6076.303342 1.290077
6076.312014 1.314166
6076.346705 1.395705
6076.355378 1.417483
6076.364050 1.442370
6076.372723 1.470620
6076.381396 1.502131
6076.390068 1.536889
6076.398741 1.575229
6076.407414 1.617788
6076.416086 1.665219
6076.424759 1.717748
6076.433432 1.774703
6076.442105 1.834306
6076.450777 1.893950
6076.459450 1.951172
6076.468123 2.004782
6076.476795 2.055435
6076.485468 2.105267
6076.494141 2.156978
6076.502814 2.213067
6076.511486 2.275405
6076.520159 2.345141
6076.528832 2.422746
6076.537504 2.508164
6076.546177 2.600970
6076.554850 2.700509
6076.563522 2.806328
6076.572195 2.918628
6076.580868 3.038332
6076.589541 3.166889
6076.598213 3.305863
6076.606886 3.456797
6076.615559 3.621104
6076.624231 3.800189
6076.632904 3.995614
6076.641577 4.209009
6076.650249 4.442133
6076.658922 4.696876
6076.676267 5.278031
6076.684940 5.607869
6076.686332 5.663446
6076.689250 5.782440
6076.692126 5.903129
6076.693613 5.966905
6076.695004 6.027438
6076.697923 6.157306
6076.700799 6.289185
6076.703677 6.425265
6076.706596 6.567719
6076.709472 6.712693
6076.712350 6.862622
6076.715268 7.019873
6076.718144 7.180318
6076.721023 7.346664
6076.723941 7.521447
6076.726817 7.700145
6076.729695 7.885714
6076.732614 8.081204
6076.735490 8.281380
6076.738368 8.489628
6076.741286 8.709322
6076.744163 8.934828
6076.747041 9.169747
6076.749959 9.417999
6076.752835 9.673155
6076.755713 9.939492
6076.758632 10.221509
6076.761508 10.511750
6076.764386 10.815208
6076.767304 11.136949
6076.770181 11.468854
6076.773059 11.816327
6076.775977 12.185355
6076.778853 12.566547
6076.781732 12.966570
6076.784650 13.391991
6076.787526 13.832193
6076.790404 14.294781
6076.793323 14.787954
6076.799077 15.837057
6076.801995 16.411571
6076.807750 17.638052
6076.810668 18.311702
6076.813544 19.012964
6076.816422 19.754449
6076.819341 20.550050
6076.822217 21.379975
6076.825095 22.259610
6076.828013 23.205378
6076.830890 24.194956
6076.833768 25.245824
6076.836686 26.378149
6076.839562 27.564899
6076.842441 28.828345
6076.845359 30.191502
6076.848235 31.622170
6076.851114 33.146968
6076.854032 34.793362
6076.856908 36.521929
6076.859786 38.363384
6076.862705 40.351773
6076.865581 42.436033
6076.868459 44.651949
6076.871236 46.918415
6076.874254 49.528949
6076.877132 52.164338
6076.880050 54.982997
6076.882926 57.904423
6076.885805 60.967532
6076.888723 64.206372
6076.891599 67.519879
6076.894478 70.942400
6076.897396 74.499153
6076.900272 78.067069
6076.903150 81.670892
6076.906069 85.326796
6076.908945 88.893187
6076.911823 92.388108
6076.914741 95.815847
6076.917618 99.042615
6076.920496 102.083130
6076.923414 104.942951
6076.926291 107.517405
6076.929169 109.830088
6076.932087 111.893251
6076.934963 113.641294
6076.937842 115.104278
6076.940760 116.295812
6076.943636 117.189912
6076.946515 117.818581
6076.949433 118.203001
6076.952309 118.358622
6076.955188 118.324575
6076.958105 118.135000
6076.960982 117.837421
6076.963860 117.474186
6076.966778 117.084596
6076.969655 116.722904
6076.972533 116.423353
6076.975451 116.219495
6076.981206 116.227079
6076.984124 116.481383
6076.987000 116.914464
6076.989879 117.535698
6076.992797 118.360550
6076.995673 119.370185
6076.998552 120.583408
6077.001470 122.022922
6077.004346 123.627004
6077.007224 125.343698
6077.010142 127.061354
6077.013019 128.567086
6077.015897 129.755300
6077.018815 130.585069
6077.021692 131.060563
6077.024570 131.244045
6077.027488 131.146163
6077.030365 130.733541
6077.033243 129.942579
6077.036053 128.748773
6077.039037 126.990974
6077.041916 124.815961
6077.044834 122.158393
6077.047710 119.136686
6077.050589 115.764331
6077.056383 108.148610
6077.059262 104.063570
6077.062179 99.794180
6077.065056 95.506519
6077.067934 91.189743
6077.073729 82.590327
6077.076607 78.440285
6077.079525 74.355156
6077.082401 70.472048
6077.085280 66.743810
6077.088197 63.139958
6077.091074 59.763273
6077.093953 56.563552
6077.096870 53.503898
6077.099747 50.662740
6077.102626 47.989996
6077.105543 45.449149
6077.108420 43.100445
6077.111299 40.898415
6077.114216 38.810097
6077.117093 36.882706
6077.119971 35.077774
6077.122889 33.365226
6077.125765 31.785254
6077.128644 30.303547
6077.131562 28.896638
6077.134438 27.596831
6077.137317 26.375883
6077.140234 25.214828
6077.143111 24.139280
6077.145990 23.127219
6077.148907 22.162669
6077.151784 21.267099
6077.154662 20.422703
6077.157580 19.615455
6077.160456 18.864633
6077.163335 18.154498
6077.166252 17.474405
6077.169129 16.839857
6077.172008 16.238451
6077.174925 15.661083
6077.177802 15.121085
6077.180681 14.608079
6077.183598 14.114421
6077.186475 13.651644
6077.192271 12.786029
6077.195149 12.386627
6077.198026 12.005910
6077.200943 11.637693
6077.203821 11.290916
6077.206699 10.959586
6077.209616 10.638615
6077.212494 10.335749
6077.215372 10.045831
6077.218289 9.764459
6077.221167 9.498482
6077.224044 9.243520
6077.226961 8.995565
6077.229840 8.760706
6077.232717 8.535290
6077.235634 8.315721
6077.238512 8.107502
6077.241390 7.907221
6077.244307 7.711923
6077.247185 7.526459
6077.250063 7.347823
6077.252979 7.173460
6077.255858 7.007550
6077.258735 6.847664
6077.261652 6.691309
6077.264530 6.542467
6077.267408 6.398771
6077.270325 6.258151
6077.273203 6.124152
6077.276081 5.994665
6077.277461 5.934120
6077.278998 5.867834
6077.281876 5.746873
6077.284753 5.629932
6077.286134 5.575165
6077.294807 5.250344
6077.303479 4.956009
6077.312152 4.689032
6077.320825 4.446882
6077.329497 4.227361
6077.338170 4.028302
6077.346843 3.847429
6077.355516 3.682074
6077.364188 3.529461
6077.372861 3.387325
6077.381534 3.254485
6077.390207 3.130242
6077.398879 3.013249
6077.407552 2.900952
6077.416225 2.790592
6077.424897 2.680655
6077.433570 2.571383
6077.442243 2.464157
6077.450915 2.360519
6077.459588 2.261641
6077.468261 2.168255
6077.476933 2.080598
6077.485606 1.998473
6077.494279 1.921535
6077.502952 1.849528
6077.511624 1.782433
6077.520297 1.720281
6077.528970 1.662852
6077.537642 1.609483
6077.546315 1.559234
6077.554988 1.511282
6077.563661 1.465159
6077.572333 1.420786
6077.581006 1.378309
6077.589679 1.337929
6077.598351 1.299773
6077.607024 1.263847
6077.615697 1.230077
6077.624369 1.198302
6077.633042 1.168259
6077.641715 1.139609
6077.650388 1.111972
6077.659060 1.085038
6077.667733 1.058672
6077.676406 1.032974
6077.685078 1.008198
6077.702424 0.962504
6077.711096 0.942001
6077.719769 0.923234
6077.728442 0.906299
6077.737115 0.891255
6077.745787 0.878118
6077.754460 0.866764
6077.763133 0.856850
6077.771805 0.847746
6077.780478 0.838645
6077.789151 0.828880
6077.806496 0.807130
6077.815169 0.796032
6077.823842 0.785190
6077.832514 0.774208
6077.841187 0.762150
6077.849860 0.748031
6077.858532 0.731458
6077.867205 0.712918
6077.875878 0.693486
