6076.095197 3.930938
6076.103870 6.037836
6076.112542 5.547755
6076.121215 3.190043
6076.129888 1.538278
6076.138560 0.842443
6076.147233 0.557980
6076.164578 0.366198
6076.173251 0.359119
6076.181924 0.425212
6076.190597 0.584981
6076.199269 0.740012
6076.207942 0.715393
6076.216615 0.553015
6076.225287 0.409341
6076.242633 0.258718
6076.251306 0.248317
6076.259978 0.271317
6076.268651 0.303208
6076.277323 0.308809
6076.285996 0.312813
6076.294669 0.342469
6076.303342 0.398956
6076.312014 0.504459
6076.346705 0.361902
6076.355378 0.325070
6076.364050 0.301770
6076.372723 0.317753
6076.381396 0.358290
6076.390068 0.398903
6076.398741 0.398306
6076.407414 0.347816
6076.416086 0.307848
6076.424759 0.300934
6076.433432 0.319814
6076.442105 0.376065
6076.450777 0.517589
6076.459450 0.746811
6076.468123 0.853094
6076.476795 0.759060
6076.485468 0.658686
6076.494141 0.551437
6076.502814 0.446910
6076.511486 0.397235
6076.520159 0.385642
6076.528832 0.391294
6076.537504 0.410547
6076.546177 0.454048
6076.554850 0.528461
6076.563522 0.578719
6076.572195 0.559716
6076.580868 0.535364
6076.589541 0.533985
6076.598213 0.534310
6076.606886 0.539779
6076.615559 0.556059
6076.624231 0.579684
6076.632904 0.607987
6076.641577 0.640354
6076.650249 0.677208
6076.658922 0.720003
6076.676267 0.847126
6076.684940 0.972301
6076.686332 0.998635
6076.689250 1.057682
6076.692126 1.116899
6076.693613 1.145791
6076.695004 1.170609
6076.697923 1.212549
6076.700799 1.237173
6076.703677 1.245227
6076.706596 1.241067
6076.709472 1.232176
6076.712350 1.225941
6076.715268 1.227698
6076.718144 1.239360
6076.721023 1.259714
6076.723941 1.285804
6076.726817 1.312897
6076.729695 1.338247
6076.732614 1.360847
6076.735490 1.380740
6076.738368 1.400197
6076.741286 1.421513
6076.744163 1.445341
6076.747041 1.472241
6076.749959 1.502302
6076.752835 1.534304
6076.755713 1.568636
6076.758632 1.606099
6076.761508 1.646015
6076.764386 1.689238
6076.767304 1.736522
6076.770181 1.786553
6076.773059 1.840028
6076.775977 1.897937
6076.778853 1.959017
6076.781732 2.024677
6076.784650 2.096545
6076.787526 2.173502
6076.790404 2.257706
6076.793323 2.351787
6076.799077 2.567314
6076.801995 2.691977
6076.807750 2.956360
6076.810668 3.091112
6076.813544 3.219785
6076.816422 3.344354
6076.819341 3.469825
6076.822217 3.598303
6076.825095 3.737876
6076.828013 3.895833
6076.830890 4.071188
6076.833768 4.268049
6076.836686 4.490820
6076.839562 4.734488
6076.842441 5.004100
6076.845359 5.306066
6076.848235 5.635187
6076.851114 6.000045
6076.854032 6.411124
6076.856908 6.863151
6076.859786 7.369596
6076.862705 7.947987
6076.865581 8.593098
6076.868459 9.327628
6076.871236 10.137374
6076.874254 11.153801
6076.877132 12.285294
6076.880050 13.633688
6076.882926 15.211670
6076.885805 17.106678
6076.888723 19.443833
6076.891599 22.286491
6076.894478 25.848044
6076.897396 30.449471
6076.900272 36.326842
6076.903150 44.053688
6076.906069 54.490950
6076.908945 68.231165
6076.911823 86.390883
6076.914741 110.056662
6076.917618 138.450073
6076.920496 170.201114
6076.923414 202.273337
6076.926291 229.379279
6076.929169 248.486810
6076.932087 258.550577
6076.934963 261.142508
6076.937842 260.599187
6076.940760 261.570025
6076.943636 266.469041
6076.946515 273.410900
6076.949433 276.546055
6076.952309 269.347626
6076.955188 249.249080
6076.958105 218.487192
6076.960982 183.800231
6076.963860 150.405318
6076.966778 121.367002
6076.969655 98.631014
6076.972533 81.410579
6076.975451 68.615964
6076.981206 53.162822
6076.984124 48.745170
6076.987000 45.999423
6076.989879 44.604395
6076.992797 44.477198
6076.995673 45.659950
6076.998552 48.307060
6077.001470 52.764896
6077.004346 59.286947
6077.007224 68.394238
6077.010142 80.790142
6077.013019 96.585692
6077.015897 116.078156
6077.018815 139.023128
6077.021692 163.114127
6077.024570 186.042360
6077.027488 205.415425
6077.030365 219.552112
6077.033243 229.764923
6077.036053 237.945931
6077.039037 246.103071
6077.041916 253.211995
6077.044834 258.740341
6077.047710 262.635006
6077.050589 266.389546
6077.056383 274.895953
6077.059262 273.339954
6077.062179 261.163622
6077.065056 237.052746
6077.067934 204.034543
6077.073729 133.379697
6077.076607 104.497179
6077.079525 81.293078
6077.082401 63.906437
6077.085280 50.916945
6077.088197 41.160196
6077.091074 33.980628
6077.093953 28.537456
6077.096870 24.296281
6077.099747 21.022466
6077.102626 18.410881
6077.105543 16.272628
6077.108420 14.545680
6077.111299 13.111660
6077.114216 11.892912
6077.117093 10.870511
6077.119971 9.985054
6077.122889 9.194270
6077.125765 8.496404
6077.128644 7.863774
6077.131562 7.281709
6077.134438 6.762444
6077.137317 6.294281
6077.140234 5.869492
6077.143111 5.495073
6077.145990 5.159556
6077.148907 4.854207
6077.151784 4.582308
6077.154662 4.335271
6077.157580 4.106814
6077.160456 3.900546
6077.163335 3.710579
6077.166252 3.533033
6077.169129 3.371037
6077.172008 3.220613
6077.174925 3.078928
6077.177802 2.948742
6077.180681 2.827076
6077.183598 2.711793
6077.186475 2.605273
6077.192271 2.409925
6077.195149 2.321447
6077.198026 2.238052
6077.200943 2.158255
6077.203821 2.083863
6077.206699 2.013458
6077.209616 1.945873
6077.212494 1.882648
6077.215372 1.822617
6077.218289 1.764808
6077.221167 1.710567
6077.224044 1.658936
6077.226961 1.609062
6077.229840 1.562125
6077.232717 1.517350
6077.235634 1.473992
6077.238512 1.433107
6077.241390 1.393990
6077.244307 1.356043
6077.247185 1.320185
6077.250063 1.285811
6077.252979 1.252413
6077.255858 1.220773
6077.258735 1.190411
6077.261652 1.160842
6077.264530 1.132805
6077.267408 1.105841
6077.270325 1.079553
6077.273203 1.054594
6077.276081 1.030562
6077.277461 1.019355
6077.278998 1.007106
6077.281876 0.984814
6077.284753 0.963338
6077.286134 0.953307
6077.294807 0.894183
6077.303479 0.841274
6077.312152 0.794125
6077.320825 0.752706
6077.329497 0.717900
6077.338170 0.693482
6077.346843 0.693660
6077.355516 0.747868
6077.364188 0.824755
6077.372861 0.787432
6077.381534 0.662431
6077.390207 0.581007
6077.398879 0.553495
6077.407552 0.574813
6077.416225 0.691732
6077.424897 0.901525
6077.433570 0.994906
6077.442243 0.910929
6077.450915 0.759940
6077.459588 0.578326
6077.468261 0.452064
6077.476933 0.392912
6077.485606 0.370623
6077.494279 0.367428
6077.502952 0.353524
6077.511624 0.308963
6077.520297 0.273471
6077.528970 0.269504
6077.537642 0.274783
6077.546315 0.287579
6077.554988 0.310720
6077.563661 0.312705
6077.572333 0.278784
6077.581006 0.244690
6077.589679 0.225745
6077.598351 0.214939
6077.607024 0.207327
6077.615697 0.201399
6077.624369 0.196934
6077.633042 0.194612
6077.641715 0.197120
6077.650388 0.211243
6077.659060 0.238213
6077.667733 0.247948
6077.676406 0.219928
6077.685078 0.186968
6077.702424 0.159724
6077.711096 0.154148
6077.719769 0.150162
6077.728442 0.147199
6077.737115 0.145181
6077.745787 0.144367
6077.754460 0.145555
6077.763133 0.151018
6077.771805 0.168018
6077.780478 0.214953
6077.789151 0.294930
6077.806496 0.267616
6077.815169 0.209692
6077.823842 0.203762
6077.832514 0.223771
6077.841187 0.258379
6077.849860 0.338561
6077.858532 0.394068
6077.867205 0.318499
6077.875878 0.209130
