6076.095197 3.104871
6076.103870 3.465223
6076.112542 3.199928
6076.121215 2.528271
6076.129888 1.859983
6076.138560 1.381139
6076.147233 1.080347
6076.164578 0.803529
6076.173251 0.764617
6076.181924 0.769950
6076.190597 0.795649
6076.199269 0.804715
6076.207942 0.772981
6076.216615 0.711188
6076.225287 0.645454
6076.242633 0.560891
6076.251306 0.548637
6076.259978 0.550852
6076.268651 0.559532
6076.277323 0.570514
6076.285996 0.586769
6076.294669 0.612879
6076.303342 0.651197
6076.312014 0.693492
6076.346705 0.650046
6076.355378 0.638324
6076.364050 0.639255
6076.372723 0.652554
6076.381396 0.672135
6076.390068 0.688467
6076.398741 0.694995
6076.407414 0.695833
6076.416086 0.702614
6076.424759 0.724442
6076.433432 0.767132
6076.442105 0.836102
6076.450777 0.928452
6076.459450 1.015527
6076.468123 1.056582
6076.476795 1.047690
6076.485468 1.014946
6076.494141 0.977127
6076.502814 0.948154
6076.511486 0.937406
6076.520159 0.945100
6076.528832 0.968054
6076.537504 1.004610
6076.546177 1.053750
6076.554850 1.108986
6076.563522 1.156448
6076.572195 1.189983
6076.580868 1.219014
6076.589541 1.252671
6076.598213 1.293242
6076.606886 1.341653
6076.615559 1.398597
6076.624231 1.464052
6076.632904 1.538007
6076.641577 1.620989
6076.650249 1.714325
6076.658922 1.820490
6076.676267 2.088133
6076.684940 2.254260
6076.686332 2.282134
6076.689250 2.340695
6076.692126 2.397790
6076.693613 2.426787
6076.695004 2.453488
6076.697923 2.508024
6076.700799 2.559829
6076.703677 2.610245
6076.706596 2.660813
6076.709472 2.711130
6076.712350 2.762964
6076.715268 2.817804
6076.718144 2.874553
6076.721023 2.934194
6076.723941 2.997495
6076.726817 3.062590
6076.729695 3.130372
6076.732614 3.201891
6076.735490 3.275285
6076.738368 3.351935
6076.741286 3.433269
6076.744163 3.517370
6076.747041 3.605710
6076.749959 3.699894
6076.752835 3.797581
6076.755713 3.900480
6076.758632 4.010446
6076.761508 4.124664
6076.764386 4.245175
6076.767304 4.374120
6076.770181 4.508365
6076.773059 4.650211
6076.775977 4.802298
6076.778853 4.960956
6076.781732 5.129162
6076.784650 5.309977
6076.787526 5.499149
6076.790404 5.700152
6076.793323 5.916776
6076.799077 6.384217
6076.801995 6.642906
6076.807750 7.198054
6076.810668 7.503560
6076.813544 7.821910
6076.816422 8.159395
6076.819341 8.523514
6076.822217 8.906847
6076.825095 9.318412
6076.828013 9.768240
6076.830890 10.248017
6076.833768 10.768412
6076.836686 11.342206
6076.839562 11.958494
6076.842441 12.631775
6076.845359 13.378579
6076.848235 14.185901
6076.851114 15.073980
6076.854032 16.066494
6076.856908 17.148251
6076.859786 18.348272
6076.862705 19.703122
6076.865581 21.194274
6076.868459 22.866053
6076.871236 24.676461
6076.874254 26.900212
6076.877132 29.311763
6076.880050 32.098187
6076.882926 35.240410
6076.885805 38.849993
6076.888723 43.067060
6076.891599 47.870627
6076.894478 53.431775
6076.897396 59.957336
6076.900272 67.384505
6076.903150 75.909711
6076.906069 85.735459
6076.908945 96.557743
6076.911823 108.375373
6076.914741 121.049230
6076.917618 133.745157
6076.920496 146.045198
6076.923414 157.474278
6076.926291 167.193090
6076.929169 175.066167
6076.932087 181.123590
6076.934963 185.407730
6076.937842 188.327194
6076.940760 190.072882
6076.943636 190.482665
6076.946515 189.191852
6076.949433 185.668127
6076.952309 179.760145
6076.955188 171.580802
6076.958105 161.547465
6076.960982 150.714048
6076.963860 139.735843
6076.966778 129.123359
6076.969655 119.619840
6076.972533 111.320759
6076.975451 104.249778
6076.981206 94.279178
6076.984124 91.152714
6076.987000 89.278553
6076.989879 88.576097
6076.992797 89.064106
6076.995673 90.763575
6076.998552 93.746218
6077.001470 98.166455
6077.004346 103.964358
6077.007224 111.184660
6077.010142 119.814759
6077.013019 129.356126
6077.015897 139.595971
6077.018815 150.326079
6077.021692 160.881733
6077.024570 171.028590
6077.027488 180.473818
6077.030365 188.557376
6077.033243 195.102569
6077.036053 199.810687
6077.039037 202.911973
6077.041916 204.098679
6077.044834 203.630603
6077.047710 201.665476
6077.050589 198.245252
6077.056383 186.331354
6077.059262 177.455456
6077.062179 166.408793
6077.065056 153.835974
6077.067934 140.210880
6077.073729 112.496752
6077.076607 99.773807
6077.079525 88.057411
6077.082401 77.798892
6077.085280 68.806435
6077.088197 60.912989
6077.091074 54.205366
6077.093953 48.429625
6077.096870 43.399080
6077.099747 39.126635
6077.102626 35.430748
6077.105543 32.184896
6077.108420 29.398149
6077.111299 26.957104
6077.114216 24.783447
6077.117093 22.889707
6077.119971 21.206426
6077.122889 19.683757
6077.125765 18.338693
6077.128644 17.126110
6077.131562 16.016236
6077.134438 15.025352
6077.137317 14.123872
6077.140234 13.292334
6077.143111 12.543968
6077.145990 11.858659
6077.148907 11.222192
6077.151784 10.645454
6077.154662 10.113874
6077.157580 9.616441
6077.160456 9.162944
6077.163335 8.741914
6077.166252 8.345681
6077.169129 7.981975
6077.172008 7.642459
6077.174925 7.321151
6077.177802 7.024647
6077.180681 6.746469
6077.183598 6.481938
6077.186475 6.236706
6077.192271 5.784970
6077.195149 5.579523
6077.198026 5.385402
6077.200943 5.199223
6077.203821 5.025272
6077.206699 4.860309
6077.209616 4.701644
6077.212494 4.552944
6077.215372 4.411512
6077.218289 4.275093
6077.221167 4.146893
6077.224044 4.024682
6077.226961 3.906465
6077.229840 3.795061
6077.232717 3.688653
6077.235634 3.585489
6077.238512 3.488093
6077.241390 3.394808
6077.244307 3.304218
6077.247185 3.218528
6077.250063 3.136304
6077.252979 3.056340
6077.255858 2.980520
6077.258735 2.907699
6077.261652 2.836720
6077.264530 2.769367
6077.267408 2.704542
6077.270325 2.641295
6077.273203 2.581203
6077.276081 2.523302
6077.277461 2.496285
6077.278998 2.466749
6077.281876 2.412967
6077.284753 2.361119
6077.286134 2.336889
6077.294807 2.193908
6077.303479 2.065645
6077.312152 1.950897
6077.320825 1.849183
6077.329497 1.761054
6077.338170 1.688695
6077.346843 1.635724
6077.355516 1.601134
6077.364188 1.566966
6077.372861 1.508295
6077.381534 1.430504
6077.390207 1.363743
6077.398879 1.328544
6077.407552 1.331542
6077.416225 1.361269
6077.424897 1.375451
6077.433570 1.336911
6077.442243 1.255755
6077.450915 1.156836
6077.459588 1.057492
6077.468261 0.972479
6077.476933 0.907439
6077.485606 0.858642
6077.494279 0.818172
6077.502952 0.777964
6077.511624 0.736676
6077.520297 0.701978
6077.528970 0.679293
6077.537642 0.665394
6077.546315 0.655173
6077.554988 0.643225
6077.563661 0.623965
6077.572333 0.597953
6077.581006 0.571281
6077.589679 0.548032
6077.598351 0.528599
6077.607024 0.512198
6077.615697 0.498291
6077.624369 0.486834
6077.633042 0.478241
6077.641715 0.473100
6077.650388 0.470828
6077.659060 0.467512
6077.667733 0.457539
6077.676406 0.440380
6077.685078 0.421318
6077.702424 0.391372
6077.711096 0.380718
6077.719769 0.372123
6077.728442 0.365336
6077.737115 0.360464
6077.745787 0.358030
6077.754460 0.359156
6077.763133 0.365839
6077.771805 0.380533
6077.780478 0.402587
6077.789151 0.421775
6077.806496 0.407821
6077.815169 0.392332
6077.823842 0.388288
6077.832514 0.396693
6077.841187 0.414856
6077.849860 0.432247
6077.858532 0.427757
6077.867205 0.394844
6077.875878 0.353326
