6076.095197 2.211114
6076.103870 2.238395
6076.112542 2.152280
6076.121215 1.986864
6076.129888 1.791821
6076.138560 1.606906
6076.147233 1.452654
6076.164578 1.249716
6076.173251 1.191612
6076.181924 1.151892
6076.190597 1.121905
6076.199269 1.094700
6076.207942 1.066938
6076.216615 1.039110
6076.225287 1.013887
6076.242633 0.981404
6076.251306 0.976196
6076.259978 0.977780
6076.268651 0.985191
6076.277323 0.997745
6076.285996 1.015105
6076.294669 1.036725
6076.303342 1.060927
6076.312014 1.084319
6076.346705 1.132451
6076.355378 1.144267
6076.364050 1.160604
6076.372723 1.181161
6076.381396 1.204864
6076.390068 1.230862
6076.398741 1.259331
6076.407414 1.291632
6076.416086 1.329703
6076.424759 1.375105
6076.433432 1.427992
6076.442105 1.486160
6076.450777 1.544642
6076.459450 1.597283
6076.468123 1.640107
6076.476795 1.673634
6076.485468 1.701931
6076.494141 1.730136
6076.502814 1.762704
6076.511486 1.802607
6076.520159 1.851281
6076.528832 1.909007
6076.537504 1.975265
6076.546177 2.048815
6076.554850 2.127728
6076.563522 2.210190
6076.572195 2.295752
6076.580868 2.385698
6076.589541 2.482199
6076.598213 2.587263
6076.606886 2.702468
6076.615559 2.829035
6076.624231 2.968087
6076.632904 3.120891
6076.641577 3.288883
6076.650249 3.473734
6076.658922 3.677316
6076.676267 4.146233
6076.684940 4.412332
6076.686332 4.456977
6076.689250 4.552317
6076.692126 4.648648
6076.693613 4.699402
6076.695004 4.747481
6076.697923 4.850339
6076.700799 4.954430
6076.703677 5.061530
6076.706596 5.173398
6076.709472 5.287066
6076.712350 5.404512
6076.715268 5.527651
6076.718144 5.653304
6076.721023 5.783637
6076.723941 5.920678
6076.726817 6.060921
6076.729695 6.206718
6076.732614 6.360504
6076.735490 6.518197
6076.738368 6.682501
6076.741286 6.856126
6076.744163 7.034664
6076.747041 7.221005
6076.749959 7.418314
6076.752835 7.621535
6076.755713 7.834118
6076.758632 8.059722
6076.761508 8.292446
6076.764386 8.536346
6076.767304 8.795583
6076.770181 9.063690
6076.773059 9.345107
6076.775977 9.644790
6076.778853 9.955213
6076.781732 10.281897
6076.784650 10.630336
6076.787526 10.991953
6076.790404 11.373102
6076.793323 11.780698
6076.799077 12.651850
6076.801995 13.131186
6076.807750 14.159738
6076.810668 14.727751
6076.813544 15.321440
6076.816422 15.951940
6076.819341 16.631750
6076.822217 17.344690
6076.825095 18.104755
6076.828013 18.927242
6076.830890 19.793884
6076.833768 20.721181
6076.836686 21.728603
6076.839562 22.793832
6076.842441 23.938675
6076.845359 25.186571
6076.848235 26.510729
6076.851114 27.938643
6076.854032 29.500106
6076.856908 31.161982
6076.859786 32.958316
6076.862705 34.928746
6076.865581 37.029335
6076.868459 39.303082
6076.871236 41.672946
6076.874254 44.459426
6076.877132 47.335670
6076.880050 50.483836
6076.882926 53.826713
6076.885805 57.420364
6076.888723 61.319707
6076.891599 65.414795
6076.894478 69.755775
6076.897396 74.383728
6076.900272 79.140675
6076.903150 84.054378
6076.906069 89.140387
6076.908945 94.186749
6076.911823 99.196582
6076.914741 104.151265
6076.917618 108.827846
6076.920496 113.216649
6076.923414 117.295645
6076.926291 120.891224
6076.929169 124.020731
6076.932087 126.687371
6076.934963 128.799890
6076.937842 130.392591
6076.940760 131.469596
6076.943636 132.003394
6076.946515 132.024278
6076.949433 131.547934
6076.952309 130.633746
6076.955188 129.341666
6076.958105 127.732524
6076.960982 125.945503
6076.963860 124.059982
6076.966778 122.150086
6076.969655 120.362507
6076.972533 118.751911
6076.975451 117.372214
6076.981206 115.617713
6076.984124 115.299198
6076.987000 115.396812
6076.989879 115.919773
6076.992797 116.895157
6076.995673 118.304798
6076.998552 120.171089
6077.001470 122.529091
6077.004346 125.284591
6077.007224 128.384382
6077.010142 131.716311
6077.013019 134.986830
6077.015897 138.062550
6077.018815 140.864005
6077.021692 143.261606
6077.024570 145.261481
6077.027488 146.815533
6077.030365 147.782356
6077.033243 148.086967
6077.036053 147.676561
6077.039037 146.444727
6077.041916 144.487732
6077.044834 141.768911
6077.047710 138.414035
6077.050589 134.443549
6077.056383 124.884661
6077.059262 119.523766
6077.062179 113.807009
6077.065056 107.988399
6077.067934 102.087950
6077.073729 90.331567
6077.076607 84.707905
6077.079525 79.231422
6077.082401 74.095675
6077.085280 69.240771
6077.088197 64.627776
6077.091074 60.383513
6077.093953 56.436043
6077.096870 52.732459
6077.099747 49.357891
6077.102626 46.241603
6077.105543 43.332440
6077.108420 40.690085
6077.111299 38.253889
6077.114216 35.980411
6077.117093 33.914019
6077.119971 32.006617
6077.122889 30.221522
6077.125765 28.595832
6077.128644 27.089661
6077.131562 25.675937
6077.134438 24.383982
6077.137317 23.182740
6077.140234 22.051470
6077.143111 21.013091
6077.145990 20.044401
6077.148907 19.128739
6077.151784 18.285145
6077.154662 17.495544
6077.157580 16.745916
6077.160456 16.053263
6077.163335 15.402185
6077.166252 14.782316
6077.169129 14.207177
6077.172008 13.664928
6077.174925 13.146952
6077.177802 12.664788
6077.180681 12.208762
6077.183598 11.771795
6077.186475 11.363813
6077.192271 10.604943
6077.195149 10.256648
6077.198026 9.925726
6077.200943 9.606668
6077.203821 9.307081
6077.206699 9.021642
6077.209616 8.745873
6077.212494 8.486329
6077.215372 8.238487
6077.218289 7.998516
6077.221167 7.772183
6077.224044 7.555685
6077.226961 7.345569
6077.229840 7.146942
6077.232717 6.956659
6077.235634 6.771648
6077.238512 6.596504
6077.241390 6.428315
6077.244307 6.264575
6077.247185 6.109322
6077.250063 5.960003
6077.252979 5.814465
6077.255858 5.676175
6077.258735 5.543083
6077.261652 5.413099
6077.264530 5.289517
6077.267408 5.170353
6077.270325 5.053879
6077.273203 4.943022
6077.276081 4.836017
6077.277461 4.786027
6077.278998 4.731327
6077.281876 4.631595
6077.284753 4.535285
6077.286134 4.490218
6077.294807 4.223460
6077.303479 3.982659
6077.312152 3.765271
6077.320825 3.569399
6077.329497 3.393567
6077.338170 3.236363
6077.346843 3.095928
6077.355516 2.969099
6077.364188 2.851638
6077.372861 2.740335
6077.381534 2.635428
6077.390207 2.539566
6077.398879 2.453851
6077.407552 2.374825
6077.416225 2.295633
6077.424897 2.210700
6077.433570 2.119357
6077.442243 2.024790
6077.450915 1.930903
6077.459588 1.840773
6077.468261 1.756442
6077.476933 1.678722
6077.485606 1.607242
6077.494279 1.541051
6077.502952 1.479416
6077.511624 1.422455
6077.520297 1.370823
6077.528970 1.324686
6077.537642 1.283050
6077.546315 1.244182
6077.554988 1.206519
6077.563661 1.169288
6077.572333 1.132636
6077.581006 1.097213
6077.589679 1.063655
6077.598351 1.032309
6077.607024 1.003259
6077.615697 0.976459
6077.624369 0.951778
6077.633042 0.928956
6077.641715 0.907531
6077.650388 0.886803
6077.659060 0.866031
6077.667733 0.844815
6077.676406 0.823355
6077.685078 0.802277
6077.702424 0.763662
6077.711096 0.746801
6077.719769 0.731769
6077.728442 0.718692
6077.737115 0.707729
6077.745787 0.699089
6077.754460 0.692913
6077.763133 0.689051
6077.771805 0.686713
6077.780478 0.684325
6077.789151 0.680098
6077.806496 0.664733
6077.815169 0.656389
6077.823842 0.649517
6077.832514 0.643873
6077.841187 0.637551
6077.849860 0.627824
6077.858532 0.612961
6077.867205 0.593681
6077.875878 0.572556
