6076.095197 2.209154
6076.103870 2.236414
6076.112542 2.150277
6076.121215 1.984865
6076.129888 1.789882
6076.138560 1.605080
6076.147233 1.450977
6076.164578 1.248363
6076.173251 1.190409
6076.181924 1.150820
6076.190597 1.120933
6076.199269 1.093795
6076.207942 1.066070
6076.216615 1.038261
6076.225287 1.013051
6076.242633 0.980596
6076.251306 0.975407
6076.259978 0.977008
6076.268651 0.984430
6076.277323 0.996992
6076.285996 1.014356
6076.294669 1.035981
6076.303342 1.060191
6076.312014 1.083588
6076.346705 1.131654
6076.355378 1.143455
6076.364050 1.159785
6076.372723 1.180337
6076.381396 1.204035
6076.390068 1.230019
6076.398741 1.258464
6076.407414 1.290736
6076.416086 1.328783
6076.424759 1.374170
6076.433432 1.427055
6076.442105 1.485228
6076.450777 1.543713
6076.459450 1.596336
6076.468123 1.639112
6076.476795 1.672563
6076.485468 1.700769
6076.494141 1.728880
6076.502814 1.761359
6076.511486 1.801180
6076.520159 1.849780
6076.528832 1.907438
6076.537504 1.973632
6076.546177 2.047117
6076.554850 2.125963
6076.563522 2.208349
6076.572195 2.293827
6076.580868 2.383679
6076.589541 2.480078
6076.598213 2.585033
6076.606886 2.700124
6076.615559 2.826571
6076.624231 2.965496
6076.632904 3.118168
6076.641577 3.286019
6076.650249 3.470724
6076.658922 3.674151
6076.676267 4.142725
6076.684940 4.408621
6076.686332 4.453231
6076.689250 4.548494
6076.692126 4.644744
6076.693613 4.695454
6076.695004 4.743492
6076.697923 4.846258
6076.700799 4.950255
6076.703677 5.057255
6076.706596 5.169017
6076.709472 5.282577
6076.712350 5.399910
6076.715268 5.522931
6076.718144 5.648462
6076.721023 5.778670
6076.723941 5.915580
6076.726817 6.055689
6076.729695 6.201347
6076.732614 6.354988
6076.735490 6.512534
6076.738368 6.676685
6076.741286 6.850150
6076.744163 7.028524
6076.747041 7.214696
6076.749959 7.411828
6076.752835 7.614867
6076.755713 7.827261
6076.758632 8.052667
6076.761508 8.285188
6076.764386 8.528877
6076.767304 8.787891
6076.770181 9.055769
6076.773059 9.336947
6076.775977 9.636378
6076.778853 9.946541
6076.781732 10.272954
6076.784650 10.621106
6076.787526 10.982427
6076.790404 11.363266
6076.793323 11.770532
6076.799077 12.640986
6076.801995 13.119939
6076.807750 14.147678
6076.810668 14.715246
6076.813544 15.308471
6076.816422 15.938483
6076.819341 16.617772
6076.822217 17.330170
6076.825095 18.089665
6076.828013 18.911545
6076.830890 19.777557
6076.833768 20.704193
6076.836686 21.710912
6076.839562 22.775416
6076.842441 23.919499
6076.845359 25.166591
6076.848235 26.489925
6076.851114 27.916982
6076.854032 29.477546
6076.856908 31.138510
6076.859786 32.933910
6076.862705 34.903379
6076.865581 37.003015
6076.868459 39.275815
6076.871236 41.644787
6076.874254 44.430341
6076.877132 47.305771
6076.880050 50.453210
6076.882926 53.795504
6076.885805 57.388743
6076.888723 61.287890
6076.891599 65.383051
6076.894478 69.724413
6076.897396 74.353111
6076.900272 79.111170
6076.903150 84.026374
6076.906069 89.114282
6076.908945 94.162839
6076.911823 99.175109
6076.914741 104.132389
6076.917618 108.811511
6076.920496 113.202684
6076.923414 117.283757
6076.926291 120.880949
6076.929169 124.011566
6076.932087 126.678797
6076.934963 128.791385
6076.937842 130.383665
6076.940760 131.459759
6076.943636 131.992175
6076.946515 132.011175
6076.949433 131.532404
6076.952309 130.615330
6076.955188 129.319928
6076.958105 127.707077
6076.960982 125.916186
6076.963860 124.026720
6076.966778 122.112886
6076.969655 120.321600
6076.972533 118.707565
6076.975451 117.324723
6076.981206 115.565210
6076.984124 115.244807
6076.987000 115.341019
6076.989879 115.863052
6076.992797 116.838016
6076.995673 118.247788
6076.998552 120.114762
6077.001470 122.473988
6077.004346 125.231145
6077.007224 128.332989
6077.010142 131.667454
6077.013019 134.941048
6077.015897 138.020495
6077.018815 140.826301
6077.021692 143.228515
6077.024570 145.233093
6077.027488 146.791866
6077.030365 147.763240
6077.033243 148.072239
6077.036053 147.665849
6077.039037 146.437841
6077.041916 144.483980
6077.044834 141.767688
6077.047710 138.414616
6077.050589 134.445231
6077.056383 124.886457
6077.059262 119.524664
6077.062179 113.806469
6077.065056 107.986044
6077.067934 102.083527
6077.073729 90.322765
6077.076607 84.697056
6077.079525 79.218698
6077.082401 74.081350
6077.085280 69.225111
6077.088197 64.611040
6077.091074 60.365977
6077.093953 56.417944
6077.096870 52.714006
6077.099747 49.339271
6077.102626 46.222970
6077.105543 43.313921
6077.108420 40.671781
6077.111299 38.235879
6077.114216 35.962762
6077.117093 33.896771
6077.119971 31.989802
6077.122889 30.205167
6077.125765 28.579944
6077.128644 27.074244
6077.131562 25.661000
6077.134438 24.369514
6077.137317 23.168733
6077.140234 22.037922
6077.143111 20.999985
6077.145990 20.031724
6077.148907 19.116485
6077.151784 18.273293
6077.154662 17.484081
6077.157580 16.734833
6077.160456 16.042541
6077.163335 15.391811
6077.166252 14.772280
6077.169129 14.197462
6077.172008 13.655521
6077.174925 13.137844
6077.177802 12.655964
6077.180681 12.200210
6077.183598 11.763508
6077.186475 11.355776
6077.192271 10.597379
6077.195149 10.249305
6077.198026 9.918596
6077.200943 9.599744
6077.203821 9.300352
6077.206699 9.015101
6077.209616 8.739514
6077.212494 8.480144
6077.215372 8.232469
6077.218289 7.992660
6077.221167 7.766482
6077.224044 7.550132
6077.226961 7.340161
6077.229840 7.141671
6077.232717 6.951520
6077.235634 6.766639
6077.238512 6.591618
6077.241390 6.423548
6077.244307 6.259924
6077.247185 6.104781
6077.250063 5.955569
6077.252979 5.810136
6077.255858 5.671946
6077.258735 5.538950
6077.261652 5.409061
6077.264530 5.285568
6077.267408 5.166492
6077.270325 5.050103
6077.273203 4.939327
6077.276081 4.832402
6077.277461 4.782449
6077.278998 4.727789
6077.281876 4.628132
6077.284753 4.531894
6077.286134 4.486861
6077.294807 4.220305
6077.303479 3.979689
6077.312152 3.762474
6077.320825 3.566762
6077.329497 3.391081
6077.338170 3.234022
6077.346843 3.093728
6077.355516 2.967031
6077.364188 2.849686
6077.372861 2.738480
6077.381534 2.633656
6077.390207 2.537877
6077.398879 2.452260
6077.407552 2.373354
6077.416225 2.294287
6077.424897 2.209459
6077.433570 2.118181
6077.442243 2.023643
6077.450915 1.929766
6077.459588 1.839639
6077.468261 1.755316
6077.476933 1.677609
6077.485606 1.606148
6077.494279 1.539978
6077.502952 1.478367
6077.511624 1.421433
6077.520297 1.369837
6077.528970 1.323746
6077.537642 1.282160
6077.546315 1.243341
6077.554988 1.205719
6077.563661 1.168519
6077.572333 1.131889
6077.581006 1.096485
6077.589679 1.062946
6077.598351 1.031620
6077.607024 1.002592
6077.615697 0.975817
6077.624369 0.951163
6077.633042 0.928370
6077.641715 0.906975
6077.650388 0.886275
6077.659060 0.865525
6077.667733 0.844324
6077.676406 0.822874
6077.685078 0.801803
6077.702424 0.763205
6077.711096 0.746357
6077.719769 0.731342
6077.728442 0.718285
6077.737115 0.707348
6077.745787 0.698738
6077.754460 0.692600
6077.763133 0.688783
6077.771805 0.686496
6077.780478 0.684156
6077.789151 0.679966
6077.806496 0.664638
6077.815169 0.656309
6077.823842 0.649459
6077.832514 0.643844
6077.841187 0.637549
6077.849860 0.627833
6077.858532 0.612957
6077.867205 0.593645
6077.875878 0.572480
