6076.095197 3.821482
6076.103870 7.819722
6076.112542 7.406516
6076.121215 3.330231
6076.129888 1.098517
6076.138560 0.484106
6076.147233 0.299175
6076.164578 0.188479
6076.173251 0.187678
6076.181924 0.258012
6076.190597 0.486304
6076.199269 0.779056
6076.207942 0.772705
6076.216615 0.506398
6076.225287 0.319540
6076.242633 0.140599
6076.251306 0.132037
6076.259978 0.168025
6076.268651 0.226975
6076.277323 0.225894
6076.285996 0.210882
6076.294669 0.247873
6076.303342 0.303050
6076.312014 0.458190
6076.346705 0.276774
6076.355378 0.223300
6076.364050 0.175372
6076.372723 0.194225
6076.381396 0.249629
6076.390068 0.314977
6076.398741 0.327083
6076.407414 0.235976
6076.416086 0.167526
6076.424759 0.152604
6076.433432 0.160764
6076.442105 0.195966
6076.450777 0.333975
6076.459450 0.673226
6076.468123 0.867450
6076.476795 0.676540
6076.485468 0.553288
6076.494141 0.423679
6076.502814 0.266868
6076.511486 0.205839
6076.520159 0.194254
6076.528832 0.196188
6076.537504 0.207365
6076.546177 0.245390
6076.554850 0.341422
6076.563522 0.412531
6076.572195 0.356607
6076.580868 0.304290
6076.589541 0.300703
6076.598213 0.286144
6076.606886 0.274089
6076.615559 0.277966
6076.624231 0.289013
6076.632904 0.302916
6076.641577 0.318930
6076.650249 0.337200
6076.658922 0.358458
6076.676267 0.426512
6076.684940 0.528476
6076.686332 0.555984
6076.689250 0.624478
6076.692126 0.701163
6076.693613 0.740696
6076.695004 0.775182
6076.697923 0.831701
6076.700799 0.856307
6076.703677 0.846412
6076.706596 0.808972
6076.709472 0.760666
6076.712350 0.717475
6076.715268 0.690801
6076.718144 0.685604
6076.721023 0.698647
6076.723941 0.722761
6076.726817 0.747733
6076.729695 0.765916
6076.732614 0.773711
6076.735490 0.772604
6076.738368 0.768023
6076.741286 0.765436
6076.744163 0.767919
6076.747041 0.775239
6076.749959 0.785566
6076.752835 0.796718
6076.755713 0.808275
6076.758632 0.821118
6076.761508 0.836006
6076.764386 0.853808
6076.767304 0.874759
6076.770181 0.897738
6076.773059 0.922530
6076.775977 0.949391
6076.778853 0.977871
6076.781732 1.008951
6076.784650 1.043799
6076.787526 1.082354
6076.790404 1.126448
6076.793323 1.178835
6076.799077 1.314477
6076.801995 1.402060
6076.807750 1.592707
6076.810668 1.679705
6076.813544 1.747592
6076.816422 1.796213
6076.819341 1.831873
6076.822217 1.864193
6076.825095 1.904219
6076.828013 1.959673
6076.830890 2.031565
6076.833768 2.120163
6076.836686 2.225537
6076.839562 2.343573
6076.842441 2.475549
6076.845359 2.624022
6076.848235 2.786168
6076.851114 2.966110
6076.854032 3.169007
6076.856908 3.392292
6076.859786 3.642692
6076.862705 3.929003
6076.865581 4.248829
6076.868459 4.613709
6076.871236 5.016981
6076.874254 5.524952
6076.877132 6.093118
6076.880050 6.774517
6076.882926 7.578905
6076.885805 8.556546
6076.888723 9.782885
6076.891599 11.310539
6076.894478 13.290008
6076.897396 15.972392
6076.900272 19.630931
6076.903150 24.875172
6076.906069 32.777023
6076.908945 44.589786
6076.911823 62.472529
6076.914741 89.159143
6076.917618 125.415542
6076.920496 170.493760
6076.923414 220.000867
6076.926291 264.017828
6076.929169 294.674431
6076.932087 307.572664
6076.934963 304.724215
6076.937842 294.979407
6076.940760 289.414823
6076.943636 295.938655
6076.946515 313.148672
6076.949433 329.882990
6076.952309 330.292576
6076.955188 305.827933
6076.958105 259.193212
6076.960982 203.793621
6076.963860 151.320913
6076.966778 108.405399
6076.969655 77.859545
6076.972533 57.304336
6076.975451 43.888473
6076.981206 30.183347
6076.984124 26.787036
6076.987000 24.782427
6076.989879 23.791418
6076.992797 23.701263
6076.995673 24.533527
6076.998552 26.429124
6077.001470 29.751595
6077.004346 34.975310
6077.007224 43.076431
6077.010142 55.601630
6077.013019 73.756549
6077.015897 98.788777
6077.018815 130.735897
6077.021692 165.573087
6077.024570 197.901726
6077.027488 221.772388
6077.030365 234.119845
6077.033243 239.000054
6077.036053 243.140999
6077.039037 251.771203
6077.041916 263.664019
6077.044834 275.257830
6077.047710 283.973580
6077.050589 292.398696
6077.056383 321.211681
6077.059262 332.975849
6077.062179 327.726798
6077.065056 298.546069
6077.067934 249.749152
6077.073729 140.233004
6077.076607 98.395490
6077.079525 67.857029
6077.082401 47.608120
6077.085280 34.401520
6077.088197 25.751239
6077.091074 20.127147
6077.093953 16.273779
6077.096870 13.497734
6077.099747 11.476060
6077.102626 9.931024
6077.105543 8.708072
6077.108420 7.749876
6077.111299 6.979231
6077.114216 6.347298
6077.117093 5.834392
6077.119971 5.396488
6077.122889 4.997475
6077.125765 4.625915
6077.128644 4.266009
6077.131562 3.916307
6077.134438 3.595784
6077.137317 3.307619
6077.140234 3.052767
6077.143111 2.836245
6077.145990 2.649154
6077.148907 2.483822
6077.151784 2.339552
6077.154662 2.210101
6077.157580 2.091282
6077.160456 1.984488
6077.163335 1.886423
6077.166252 1.794964
6077.169129 1.711654
6077.172008 1.634399
6077.174925 1.561719
6077.177802 1.495006
6077.180681 1.432717
6077.183598 1.373747
6077.186475 1.319301
6077.192271 1.219556
6077.195149 1.174422
6077.198026 1.131906
6077.200943 1.091247
6077.203821 1.053360
6077.206699 1.017522
6077.209616 0.983134
6077.212494 0.950979
6077.215372 0.920460
6077.218289 0.891083
6077.221167 0.863529
6077.224044 0.837310
6077.226961 0.811991
6077.229840 0.788171
6077.232717 0.765455
6077.235634 0.743465
6077.238512 0.722734
6077.241390 0.702905
6077.244307 0.683674
6077.247185 0.665506
6077.250063 0.648093
6077.252979 0.631179
6077.255858 0.615159
6077.258735 0.599789
6077.261652 0.584823
6077.264530 0.570636
6077.267408 0.556994
6077.270325 0.543696
6077.273203 0.531073
6077.276081 0.518920
6077.277461 0.513253
6077.278998 0.507061
6077.281876 0.495792
6077.284753 0.484936
6077.286134 0.479866
6077.294807 0.449992
6077.303479 0.423271
6077.312152 0.399474
6077.320825 0.378601
6077.329497 0.361180
6077.338170 0.349872
6077.346843 0.360438
6077.355516 0.451203
6077.364188 0.607667
6077.372861 0.569347
6077.381534 0.390320
6077.390207 0.305198
6077.398879 0.283056
6077.407552 0.292567
6077.416225 0.402646
6077.424897 0.717164
6077.433570 0.940756
6077.442243 0.855679
6077.450915 0.674615
6077.459588 0.409423
6077.468261 0.251839
6077.476933 0.202892
6077.485606 0.194144
6077.494279 0.213619
6077.502952 0.221067
6077.511624 0.164402
6077.520297 0.122444
6077.528970 0.130111
6077.537642 0.139352
6077.546315 0.156243
6077.554988 0.201624
6077.563661 0.223035
6077.572333 0.174925
6077.581006 0.130664
6077.589679 0.114536
6077.598351 0.108149
6077.607024 0.104125
6077.615697 0.101076
6077.624369 0.098807
6077.633042 0.097715
6077.641715 0.100040
6077.650388 0.116419
6077.659060 0.163345
6077.667733 0.194567
6077.676406 0.151964
6077.685078 0.104180
6077.702424 0.080492
6077.711096 0.077429
6077.719769 0.075337
6077.728442 0.073804
6077.737115 0.072759
6077.745787 0.072324
6077.754460 0.072909
6077.763133 0.075816
6077.771805 0.086903
6077.780478 0.134005
6077.789151 0.257746
6077.806496 0.229362
6077.815169 0.132300
6077.823842 0.131101
6077.832514 0.164214
6077.841187 0.188341
6077.849860 0.298759
6077.858532 0.427946
6077.867205 0.317693
6077.875878 0.147752
