6076.095197 3.813421
6076.103870 7.798694
6076.112542 7.386712
6076.121215 3.323147
6076.129888 1.096191
6076.138560 0.482837
6076.147233 0.298369
6076.164578 0.188079
6076.173251 0.187436
6076.181924 0.258120
6076.190597 0.486936
6076.199269 0.779504
6076.207942 0.772544
6076.216615 0.506276
6076.225287 0.319459
6076.242633 0.140503
6076.251306 0.131996
6076.259978 0.168193
6076.268651 0.227377
6076.277323 0.226265
6076.285996 0.211039
6076.294669 0.247904
6076.303342 0.303169
6076.312014 0.458357
6076.346705 0.276537
6076.355378 0.223104
6076.364050 0.175276
6076.372723 0.194211
6076.381396 0.249834
6076.390068 0.315595
6076.398741 0.327811
6076.407414 0.236352
6076.416086 0.167559
6076.424759 0.152519
6076.433432 0.160669
6076.442105 0.195962
6076.450777 0.334357
6076.459450 0.674169
6076.468123 0.868587
6076.476795 0.677440
6076.485468 0.553588
6076.494141 0.423726
6076.502814 0.266807
6076.511486 0.205669
6076.520159 0.194046
6076.528832 0.195964
6076.537504 0.207141
6076.546177 0.245188
6076.554850 0.341217
6076.563522 0.412361
6076.572195 0.356564
6076.580868 0.304256
6076.589541 0.300637
6076.598213 0.285977
6076.606886 0.273807
6076.615559 0.277625
6076.624231 0.288644
6076.632904 0.302526
6076.641577 0.318519
6076.650249 0.336768
6076.658922 0.358008
6076.676267 0.426092
6076.684940 0.528278
6076.686332 0.555843
6076.689250 0.624459
6076.692126 0.701253
6076.693613 0.740831
6076.695004 0.775350
6076.697923 0.831907
6076.700799 0.856511
6076.703677 0.846577
6076.706596 0.809062
6076.709472 0.760653
6076.712350 0.717339
6076.715268 0.690537
6076.718144 0.685225
6076.721023 0.698168
6076.723941 0.722198
6076.726817 0.747102
6076.729695 0.765234
6076.732614 0.772990
6076.735490 0.771850
6076.738368 0.767227
6076.741286 0.764583
6076.744163 0.766998
6076.747041 0.774253
6076.749959 0.784529
6076.752835 0.795651
6076.755713 0.807195
6076.758632 0.820033
6076.761508 0.834913
6076.764386 0.852699
6076.767304 0.873627
6076.770181 0.896576
6076.773059 0.921336
6076.775977 0.948160
6076.778853 0.976604
6076.781732 1.007644
6076.784650 1.042454
6076.787526 1.080972
6076.790404 1.125036
6076.793323 1.177401
6076.799077 1.313018
6076.801995 1.400581
6076.807750 1.591129
6076.810668 1.678050
6076.813544 1.745855
6076.816422 1.794388
6076.819341 1.829946
6076.822217 1.862144
6076.825095 1.902023
6076.828013 1.957309
6076.830890 2.029026
6076.833768 2.117448
6076.836686 2.222644
6076.839562 2.340500
6076.842441 2.472289
6076.845359 2.620560
6076.848235 2.782490
6076.851114 2.962196
6076.854032 3.164830
6076.856908 3.387827
6076.859786 3.637908
6076.862705 3.923858
6076.865581 4.243286
6076.868459 4.607716
6076.871236 5.010500
6076.874254 5.517869
6076.877132 6.085379
6076.880050 6.766018
6076.882926 7.569547
6076.885805 8.546205
6076.888723 9.771411
6076.891599 11.297813
6076.894478 13.275925
6076.897396 15.956914
6076.900272 19.614240
6076.903150 24.857712
6076.906069 32.759489
6076.908945 44.572560
6076.911823 62.453972
6076.914741 89.132429
6076.917618 125.366535
6076.920496 170.403146
6076.923414 219.853230
6076.926291 263.816666
6076.929169 294.443939
6076.932087 307.350228
6076.934963 304.542897
6076.937842 294.850694
6076.940760 289.318598
6076.943636 295.828647
6076.946515 312.980822
6076.949433 329.646739
6076.952309 330.026312
6076.955188 305.590972
6076.958105 259.027013
6076.960982 203.699693
6076.963860 151.276447
6076.966778 108.384010
6076.969655 77.842958
6076.972533 57.284841
6076.975451 43.864708
6076.981206 30.155183
6076.984124 26.758486
6076.987000 24.754019
6076.989879 23.763303
6076.992797 23.673375
6076.995673 24.505722
6076.998552 26.401419
6077.001470 29.724436
6077.004346 34.949623
6077.007224 43.053095
6077.010142 55.579922
6077.013019 73.731609
6077.015897 98.749619
6077.018815 130.665754
6077.021692 165.457939
6077.024570 197.741479
6077.027488 221.588490
6077.030365 233.944905
6077.033243 238.851647
6077.036053 243.008923
6077.039037 251.630096
6077.041916 263.499033
6077.044834 275.079736
6077.047710 283.807436
6077.050589 292.254267
6077.056383 321.031769
6077.059262 332.745471
6077.062179 327.475666
6077.065056 298.330324
6077.067934 249.606919
6077.073729 140.211936
6077.076607 98.393972
6077.079525 67.857509
6077.082401 47.603831
6077.085280 34.392180
6077.088197 25.738797
6077.091074 20.113625
6077.093953 16.260446
6077.096870 13.485233
6077.099747 11.464610
6077.102626 9.920659
6077.105543 8.698756
6077.108420 7.741517
6077.111299 6.971738
6077.114216 6.340576
6077.117093 5.828321
6077.119971 5.390965
6077.122889 4.992426
6077.125765 4.621270
6077.128644 4.261718
6077.131562 3.912319
6077.134438 3.592037
6077.137317 3.304064
6077.140234 3.049374
6077.143111 2.832995
6077.145990 2.646046
6077.148907 2.480857
6077.151784 2.336729
6077.154662 2.207415
6077.157580 2.088729
6077.160456 1.982058
6077.163335 1.884108
6077.166252 1.792759
6077.169129 1.709549
6077.172008 1.632387
6077.174925 1.559795
6077.177802 1.493164
6077.180681 1.430952
6077.183598 1.372054
6077.186475 1.317676
6077.192271 1.218054
6077.195149 1.172976
6077.198026 1.130513
6077.200943 1.089904
6077.203821 1.052064
6077.206699 1.016270
6077.209616 0.981925
6077.212494 0.949810
6077.215372 0.919330
6077.218289 0.889989
6077.221167 0.862470
6077.224044 0.836283
6077.226961 0.810996
6077.229840 0.787206
6077.232717 0.764518
6077.235634 0.742556
6077.238512 0.721851
6077.241390 0.702046
6077.244307 0.682839
6077.247185 0.664694
6077.250063 0.647304
6077.252979 0.630411
6077.255858 0.614411
6077.258735 0.599060
6077.261652 0.584113
6077.264530 0.569944
6077.267408 0.556319
6077.270325 0.543038
6077.273203 0.530431
6077.276081 0.518293
6077.277461 0.512634
6077.278998 0.506449
6077.281876 0.495194
6077.284753 0.484353
6077.286134 0.479289
6077.294807 0.449454
6077.303479 0.422767
6077.312152 0.399002
6077.320825 0.378160
6077.329497 0.360769
6077.338170 0.349501
6077.346843 0.360167
6077.355516 0.451154
6077.364188 0.607744
6077.372861 0.569438
6077.381534 0.390287
6077.390207 0.304998
6077.398879 0.282818
6077.407552 0.292358
6077.416225 0.402561
6077.424897 0.717208
6077.433570 0.941186
6077.442243 0.856326
6077.450915 0.674871
6077.459588 0.409487
6077.468261 0.251735
6077.476933 0.202714
6077.485606 0.193934
6077.494279 0.213310
6077.502952 0.220605
6077.511624 0.163886
6077.520297 0.121955
6077.528970 0.129789
6077.537642 0.139194
6077.546315 0.156241
6077.554988 0.201853
6077.563661 0.223363
6077.572333 0.175090
6077.581006 0.130643
6077.589679 0.114449
6077.598351 0.108050
6077.607024 0.104026
6077.615697 0.100980
6077.624369 0.098717
6077.633042 0.097634
6077.641715 0.099989
6077.650388 0.116475
6077.659060 0.163626
6077.667733 0.194973
6077.676406 0.152217
6077.685078 0.104224
6077.702424 0.080433
6077.711096 0.077367
6077.719769 0.075276
6077.728442 0.073745
6077.737115 0.072704
6077.745787 0.072275
6077.754460 0.072871
6077.763133 0.075799
6077.771805 0.086955
6077.780478 0.134325
6077.789151 0.258622
6077.806496 0.230129
6077.815169 0.132632
6077.823842 0.131405
6077.832514 0.164655
6077.841187 0.188967
6077.849860 0.299919
6077.858532 0.429560
6077.867205 0.318895
6077.875878 0.148213
