6076.095197 3.921939
6076.103870 6.024603
6076.112542 5.535616
6076.121215 3.182563
6076.129888 1.533940
6076.138560 0.839730
6076.147233 0.556150
6076.164578 0.365192
6076.173251 0.358386
6076.181924 0.424859
6076.190597 0.585085
6076.199269 0.740193
6076.207942 0.715268
6076.216615 0.552705
6076.225287 0.408981
6076.242633 0.258344
6076.251306 0.248026
6076.259978 0.271215
6076.268651 0.303283
6076.277323 0.308846
6076.285996 0.312697
6076.294669 0.342284
6076.303342 0.398815
6076.312014 0.504423
6076.346705 0.361506
6076.355378 0.324659
6076.364050 0.301401
6076.372723 0.317494
6076.381396 0.358261
6076.390068 0.399170
6076.398741 0.398613
6076.407414 0.347830
6076.416086 0.307584
6076.424759 0.300553
6076.433432 0.319419
6076.442105 0.375770
6076.450777 0.517644
6076.459450 0.747403
6076.468123 0.853880
6076.476795 0.759499
6076.485468 0.658680
6076.494141 0.551143
6076.502814 0.446411
6076.511486 0.396619
6076.520159 0.384972
6076.528832 0.390592
6076.537504 0.409824
6076.546177 0.453331
6076.554850 0.527774
6076.563522 0.578072
6076.572195 0.559078
6076.580868 0.534692
6076.589541 0.533256
6076.598213 0.533463
6076.606886 0.538806
6076.615559 0.554998
6076.624231 0.578557
6076.632904 0.606798
6076.641577 0.639101
6076.650249 0.675891
6076.658922 0.718621
6076.676267 0.845684
6076.684940 0.971000
6076.686332 0.997371
6076.689250 1.056502
6076.692126 1.115795
6076.693613 1.144719
6076.695004 1.169558
6076.697923 1.211513
6076.700799 1.236104
6076.703677 1.244077
6076.706596 1.239794
6076.709472 1.230757
6076.712350 1.224371
6076.715268 1.225982
6076.718144 1.237518
6076.721023 1.257764
6076.723941 1.283759
6076.726817 1.310766
6076.729695 1.336031
6076.732614 1.358541
6076.735490 1.378339
6076.738368 1.397695
6076.741286 1.418906
6076.744163 1.442629
6076.747041 1.469428
6076.749959 1.499395
6076.752835 1.531311
6076.755713 1.565560
6076.758632 1.602940
6076.761508 1.642772
6076.764386 1.685906
6076.767304 1.733094
6076.770181 1.783023
6076.773059 1.836389
6076.775977 1.894181
6076.778853 1.955140
6076.781732 2.020673
6076.784650 2.092408
6076.787526 2.169231
6076.790404 2.253298
6076.793323 2.347241
6076.799077 2.562493
6076.801995 2.687008
6076.807750 2.951043
6076.810668 3.085577
6076.813544 3.214001
6076.816422 3.338286
6076.819341 3.463432
6076.822217 3.591557
6076.825095 3.730746
6076.828013 3.888287
6076.830890 4.063209
6076.833768 4.259613
6076.836686 4.481894
6076.839562 4.725046
6076.842441 4.994101
6076.845359 5.295454
6076.848235 5.623915
6076.851114 5.988049
6076.854032 6.398318
6076.856908 6.849460
6076.859786 7.354922
6076.862705 7.932199
6076.865581 8.576080
6076.868459 9.309225
6076.871236 10.117466
6076.874254 11.132034
6076.877132 12.261501
6076.880050 13.607542
6076.882926 15.182858
6076.885805 17.074791
6076.888723 19.408346
6076.891599 22.246911
6076.894478 25.803763
6076.897396 30.399774
6076.900272 36.271187
6076.903150 43.991566
6076.906069 54.421985
6076.908945 68.155487
6076.911823 86.308756
6076.914741 109.968291
6076.917618 138.355751
6076.920496 170.101523
6076.923414 202.170691
6076.926291 229.277644
6076.929169 248.390578
6076.932087 258.463076
6076.934963 261.064356
6076.937842 260.527251
6076.940760 261.497296
6076.943636 266.388481
6076.946515 273.320840
6076.949433 276.452182
6076.952309 269.258959
6076.955188 249.170761
6076.958105 218.417489
6076.960982 183.733047
6076.963860 150.335341
6076.966778 121.291894
6076.969655 98.551348
6076.972533 81.328165
6076.975451 68.532689
6076.981206 53.081205
6076.984124 48.664844
6076.987000 45.920110
6076.989879 44.525627
6076.992797 44.398387
6076.995673 45.580445
6076.998552 48.226183
6077.001470 52.681989
6077.004346 59.201600
6077.007224 68.306319
6077.010142 80.699690
6077.013019 96.492525
6077.015897 115.981045
6077.018815 138.919421
6077.021692 163.001008
6077.024570 185.918734
6077.027488 205.283368
6077.030365 219.415780
6077.033243 229.626807
6077.036053 237.805877
6077.039037 245.960859
6077.041916 253.071525
6077.044834 258.609378
6077.047710 262.519991
6077.050589 266.291203
6077.056383 274.816536
6077.059262 273.267356
6077.062179 261.102480
6077.065056 237.006163
6077.067934 203.999906
6077.073729 133.348127
6077.076607 104.460470
6077.079525 81.251305
6077.082401 63.861701
6077.085280 50.871636
6077.088197 41.116255
6077.091074 33.939237
6077.093953 28.499182
6077.096870 24.261308
6077.099747 20.990640
6077.102626 18.381981
6077.105543 16.246420
6077.108420 14.521858
6077.111299 13.089972
6077.114216 11.873145
6077.117093 10.852420
6077.119971 9.968439
6077.122889 9.178962
6077.125765 8.482215
6077.128644 7.850559
6077.131562 7.269350
6077.134438 6.750826
6077.137317 6.283323
6077.140234 5.859140
6077.143111 5.485272
6077.145990 5.150267
6077.148907 4.845403
6077.151784 4.573951
6077.154662 4.327331
6077.157580 4.099268
6077.160456 3.893361
6077.163335 3.703731
6077.166252 3.526502
6077.169129 3.364797
6077.172008 3.214646
6077.174925 3.073218
6077.177802 2.943269
6077.180681 2.821825
6077.183598 2.706754
6077.186475 2.600430
6077.192271 2.405443
6077.195149 2.317128
6077.198026 2.233888
6077.200943 2.154239
6077.203821 2.079985
6077.206699 2.009712
6077.209616 1.942252
6077.212494 1.879145
6077.215372 1.819226
6077.218289 1.761525
6077.221167 1.707385
6077.224044 1.655851
6077.226961 1.606070
6077.229840 1.559221
6077.232717 1.514530
6077.235634 1.471254
6077.238512 1.430445
6077.241390 1.391402
6077.244307 1.353526
6077.247185 1.317736
6077.250063 1.283426
6077.252979 1.250090
6077.255858 1.218511
6077.258735 1.188206
6077.261652 1.158692
6077.264530 1.130708
6077.267408 1.103795
6077.270325 1.077557
6077.273203 1.052646
6077.276081 1.028659
6077.277461 1.017473
6077.278998 1.005248
6077.281876 0.982999
6077.284753 0.961564
6077.286134 0.951551
6077.294807 0.892540
6077.303479 0.839735
6077.312152 0.792680
6077.320825 0.751348
6077.329497 0.716624
6077.338170 0.692296
6077.346843 0.692612
6077.355516 0.747062
6077.364188 0.824181
6077.372861 0.786885
6077.381534 0.661734
6077.390207 0.580190
6077.398879 0.552649
6077.407552 0.573982
6077.416225 0.690995
6077.424897 0.901150
6077.433570 0.995109
6077.442243 0.911210
6077.450915 0.759879
6077.459588 0.577959
6077.468261 0.451524
6077.476933 0.392312
6077.485606 0.369999
6077.494279 0.366762
6077.502952 0.352793
6077.511624 0.308165
6077.520297 0.272687
6077.528970 0.268869
6077.537642 0.274316
6077.546315 0.287285
6077.554988 0.310633
6077.563661 0.312695
6077.572333 0.278648
6077.581006 0.244416
6077.589679 0.225418
6077.598351 0.214604
6077.607024 0.206997
6077.615697 0.201079
6077.624369 0.196629
6077.633042 0.194329
6077.641715 0.196885
6077.650388 0.211123
6077.659060 0.238280
6077.667733 0.248102
6077.676406 0.219958
6077.685078 0.186840
6077.702424 0.159504
6077.711096 0.153926
6077.719769 0.149944
6077.728442 0.146988
6077.737115 0.144980
6077.745787 0.144180
6077.754460 0.145389
6077.763133 0.150892
6077.771805 0.167996
6077.780478 0.215209
6077.789151 0.295646
6077.806496 0.268207
6077.815169 0.209965
6077.823842 0.204012
6077.832514 0.224146
6077.841187 0.258967
6077.849860 0.339609
6077.858532 0.395429
6077.867205 0.319474
6077.875878 0.209512
