6076.095197 3.762962
6076.103870 5.784196
6076.112542 5.314907
6076.121215 3.050242
6076.129888 1.459488
6076.138560 0.793702
6076.147233 0.525228
6076.164578 0.348356
6076.173251 0.346364
6076.181924 0.419647
6076.190597 0.587832
6076.199269 0.743737
6076.207942 0.713085
6076.216615 0.547390
6076.225287 0.402890
6076.242633 0.252168
6076.251306 0.243376
6076.259978 0.269973
6076.268651 0.305186
6076.277323 0.310043
6076.285996 0.311083
6076.294669 0.339283
6076.303342 0.396534
6076.312014 0.503717
6076.346705 0.354677
6076.355378 0.317665
6076.364050 0.295250
6076.372723 0.313340
6076.381396 0.358264
6076.390068 0.404542
6076.398741 0.404734
6076.407414 0.348719
6076.416086 0.303459
6076.424759 0.294317
6076.433432 0.312945
6076.442105 0.371147
6076.450777 0.519217
6076.459450 0.758031
6076.468123 0.867645
6076.476795 0.767427
6076.485468 0.658740
6076.494141 0.546190
6076.502814 0.438073
6076.511486 0.386269
6076.520159 0.373690
6076.528832 0.378764
6076.537504 0.397683
6076.546177 0.441325
6076.554850 0.516295
6076.563522 0.567291
6076.572195 0.548585
6076.580868 0.523677
6076.589541 0.521230
6076.598213 0.519342
6076.606886 0.522453
6076.615559 0.537101
6076.624231 0.559515
6076.632904 0.586700
6076.641577 0.617938
6076.650249 0.653633
6076.658922 0.695274
6076.676267 0.821506
6076.684940 0.949390
6076.686332 0.976422
6076.689250 1.036997
6076.692126 1.097576
6076.693613 1.127017
6076.695004 1.152208
6076.697923 1.194376
6076.700799 1.218383
6076.703677 1.224981
6076.706596 1.218637
6076.709472 1.207152
6076.712350 1.198182
6076.715268 1.197290
6076.718144 1.206618
6076.721023 1.224945
6076.723941 1.249235
6076.726817 1.274706
6076.729695 1.298482
6076.732614 1.319453
6076.735490 1.337654
6076.738368 1.355315
6076.741286 1.374737
6076.744163 1.396693
6076.747041 1.421790
6076.749959 1.450147
6076.752835 1.480597
6076.755713 1.513459
6076.758632 1.549452
6076.761508 1.587875
6076.764386 1.629513
6076.767304 1.675074
6076.770181 1.723285
6076.773059 1.774820
6076.775977 1.830644
6076.778853 1.889560
6076.781732 1.952956
6076.784650 2.022449
6076.787526 2.097013
6076.790404 2.178796
6076.793323 2.270418
6076.799077 2.481019
6076.801995 2.602987
6076.807750 2.861040
6076.810668 2.991846
6076.813544 3.116054
6076.816422 3.235553
6076.819341 3.355250
6076.822217 3.477433
6076.825095 3.610154
6076.828013 3.760669
6076.830890 3.928252
6076.833768 4.116908
6076.836686 4.330864
6076.839562 4.565257
6076.842441 4.824874
6076.845359 5.115843
6076.848235 5.433123
6076.851114 5.784974
6076.854032 6.181511
6076.856908 6.617665
6076.859786 7.106462
6076.862705 7.664868
6076.865581 8.287906
6076.868459 8.997588
6076.871236 9.780306
6076.874254 10.763366
6076.877132 11.858481
6076.880050 13.164615
6076.882926 14.694694
6076.885805 16.534438
6076.888723 18.806865
6076.891599 21.575853
6076.894478 25.052658
6076.897396 29.556143
6076.900272 35.325125
6076.903150 42.932967
6076.906069 53.241299
6076.908945 66.848844
6076.911823 84.869602
6076.914741 108.381890
6076.917618 136.604908
6076.920496 168.176706
6076.923414 200.099793
6076.926291 227.144500
6076.929169 246.303653
6076.932087 256.520936
6076.934963 259.310319
6076.937842 258.917618
6076.940760 259.894374
6076.943636 264.634816
6076.946515 271.356702
6076.949433 274.374465
6076.952309 267.261382
6076.955188 247.397438
6076.958105 216.882557
6076.960982 182.342849
6076.963860 148.985523
6076.966778 119.918929
6076.969655 97.140632
6076.972533 79.893390
6076.975451 67.095364
6076.981206 51.681092
6076.984124 47.288309
6076.987000 44.561774
6076.989879 43.177208
6076.992797 43.049657
6076.995673 44.220032
6076.998552 46.842129
6077.001470 51.262282
6077.004346 57.737574
6077.007224 66.792108
6077.010142 79.128784
6077.013019 94.850616
6077.015897 114.231877
6077.018815 137.001245
6077.021692 160.857402
6077.024570 183.535918
6077.027488 202.716544
6077.030365 216.762225
6077.033243 226.944792
6077.036053 235.091436
6077.039037 243.198276
6077.041916 250.320403
6077.044834 256.006245
6077.047710 260.182708
6077.050589 264.228600
6077.056383 273.001331
6077.059262 271.528995
6077.062179 259.562508
6077.065056 235.775798
6077.067934 203.075984
6077.073729 132.680053
6077.076607 103.767650
6077.079525 80.509669
6077.082401 63.088673
6077.085280 50.097570
6077.088197 40.369046
6077.091074 33.236625
6077.093953 27.849951
6077.096870 23.668272
6077.099747 20.451121
6077.102626 17.892179
6077.105543 15.802377
6077.108420 14.118356
6077.111299 12.722699
6077.114216 11.538463
6077.117093 10.546130
6077.119971 9.687122
6077.122889 8.919778
6077.125765 8.242028
6077.128644 7.626914
6077.131562 7.060298
6077.134438 6.554387
6077.137317 6.098110
6077.140234 5.684210
6077.143111 5.319658
6077.145990 4.993319
6077.148907 4.696652
6077.151784 4.432754
6077.154662 4.193188
6077.157580 3.971786
6077.160456 3.771987
6077.163335 3.588047
6077.166252 3.416183
6077.169129 3.259407
6077.172008 3.113857
6077.174925 2.976784
6077.177802 2.850851
6077.180681 2.733172
6077.183598 2.621678
6077.186475 2.518668
6077.192271 2.329776
6077.195149 2.244230
6077.198026 2.163603
6077.200943 2.086458
6077.203821 2.014540
6077.206699 1.946481
6077.209616 1.881149
6077.212494 1.820034
6077.215372 1.762009
6077.218289 1.706133
6077.221167 1.653707
6077.224044 1.603805
6077.226961 1.555601
6077.229840 1.510238
6077.232717 1.466965
6077.235634 1.425063
6077.238512 1.385551
6077.241390 1.347749
6077.244307 1.311078
6077.247185 1.276427
6077.250063 1.243210
6077.252979 1.210937
6077.255858 1.180364
6077.258735 1.151027
6077.261652 1.122456
6077.264530 1.095366
6077.267408 1.069315
6077.270325 1.043917
6077.273203 1.019805
6077.276081 0.996589
6077.277461 0.985762
6077.278998 0.973931
6077.281876 0.952398
6077.284753 0.931655
6077.286134 0.921967
6077.294807 0.864874
6077.303479 0.813808
6077.312152 0.768341
6077.320825 0.728479
6077.329497 0.695163
6077.338170 0.672380
6077.346843 0.675108
6077.355516 0.733670
6077.364188 0.814552
6077.372861 0.777746
6077.381534 0.650203
6077.390207 0.566566
6077.398879 0.538494
6077.407552 0.560050
6077.416225 0.678522
6077.424897 0.894472
6077.433570 0.998470
6077.442243 0.916262
6077.450915 0.758958
6077.459588 0.571891
6077.468261 0.442526
6077.476933 0.382268
6077.485606 0.359485
6077.494279 0.355418
6077.502952 0.340178
6077.511624 0.294335
6077.520297 0.259125
6077.528970 0.257952
6077.537642 0.266463
6077.546315 0.282612
6077.554988 0.309655
6077.563661 0.313051
6077.572333 0.276732
6077.581006 0.240002
6077.589679 0.220008
6077.598351 0.209015
6077.607024 0.201486
6077.615697 0.195744
6077.624369 0.191548
6077.633042 0.189655
6077.641715 0.193077
6077.650388 0.209415
6077.659060 0.239927
6077.667733 0.251273
6077.676406 0.220896
6077.685078 0.184921
6077.702424 0.155878
6077.711096 0.150250
6077.719769 0.146331
6077.728442 0.143498
6077.737115 0.141665
6077.745787 0.141112
6077.754460 0.142707
6077.763133 0.148956
6077.771805 0.167973
6077.780478 0.220301
6077.789151 0.308980
6077.806496 0.279279
6077.815169 0.215311
6077.823842 0.208913
6077.832514 0.231294
6077.841187 0.270067
6077.849860 0.359028
6077.858532 0.420312
6077.867205 0.337439
6077.875878 0.216801
