6076.095197 3.741152
6076.103870 5.750020
6076.112542 5.283496
6076.121215 3.032055
6076.129888 1.449672
6076.138560 0.787738
6076.147233 0.521247
6076.164578 0.346222
6076.173251 0.344886
6076.181924 0.419114
6076.190597 0.588354
6076.199269 0.744264
6076.207942 0.712782
6076.216615 0.546694
6076.225287 0.402115
6076.242633 0.251412
6076.251306 0.242837
6076.259978 0.269908
6076.268651 0.305547
6076.277323 0.310305
6076.285996 0.310945
6076.294669 0.338933
6076.303342 0.396271
6076.312014 0.503617
6076.346705 0.353786
6076.355378 0.316767
6076.364050 0.294489
6076.372723 0.312860
6076.381396 0.358366
6076.390068 0.405394
6076.398741 0.405690
6076.407414 0.348961
6076.416086 0.303006
6076.424759 0.293567
6076.433432 0.312167
6076.442105 0.370640
6076.450777 0.519557
6076.459450 0.759522
6076.468123 0.869509
6076.476795 0.768551
6076.485468 0.658793
6076.494141 0.545576
6076.502814 0.437039
6076.511486 0.384973
6076.520159 0.372269
6076.528832 0.377273
6076.537504 0.396157
6076.546177 0.439825
6076.554850 0.514861
6076.563522 0.565948
6076.572195 0.547308
6076.580868 0.522345
6076.589541 0.519759
6076.598213 0.517586
6076.606886 0.520396
6076.615559 0.534836
6076.624231 0.557099
6076.632904 0.584150
6076.641577 0.615252
6076.650249 0.650809
6076.658922 0.692316
6076.676267 0.818477
6076.684940 0.946730
6076.686332 0.973850
6076.689250 1.034614
6076.692126 1.095356
6076.693613 1.124860
6076.695004 1.150092
6076.697923 1.192280
6076.700799 1.216208
6076.703677 1.222633
6076.706596 1.216030
6076.709472 1.204235
6076.712350 1.194934
6076.715268 1.193713
6076.718144 1.202746
6076.721023 1.220811
6076.723941 1.244865
6076.726817 1.270125
6076.729695 1.293702
6076.732614 1.314473
6076.735490 1.332469
6076.738368 1.349916
6076.741286 1.369110
6076.744163 1.390840
6076.747041 1.415718
6076.749959 1.443870
6076.752835 1.474133
6076.755713 1.506820
6076.758632 1.542639
6076.761508 1.580885
6076.764386 1.622335
6076.767304 1.667691
6076.770181 1.715685
6076.773059 1.766988
6076.775977 1.822563
6076.778853 1.881220
6076.781732 1.944347
6076.784650 2.013557
6076.787526 2.087836
6076.790404 2.169332
6076.793323 2.260663
6076.799077 2.470674
6076.801995 2.592313
6076.807750 2.849587
6076.810668 2.979910
6076.813544 3.103580
6076.816422 3.222474
6076.819341 3.341486
6076.822217 3.462921
6076.825095 3.594824
6076.828013 3.744446
6076.830890 3.911092
6076.833768 4.098755
6076.836686 4.311649
6076.839562 4.544922
6076.842441 4.803333
6076.845359 5.092976
6076.848235 5.408830
6076.851114 5.759114
6076.854032 6.153901
6076.856908 6.588144
6076.859786 7.074816
6076.862705 7.630816
6076.865581 8.251197
6076.868459 8.957887
6076.871236 9.737353
6076.874254 10.716397
6076.877132 11.807133
6076.880050 13.108180
6076.882926 14.632493
6076.885805 16.465583
6076.888723 18.730215
6076.891599 21.490321
6076.894478 24.956890
6076.897396 29.448498
6076.900272 35.204224
6076.903150 42.797259
6076.906069 53.088977
6076.908945 66.678266
6076.911823 84.677814
6076.914741 108.163517
6076.917618 136.353488
6076.920496 167.886993
6076.923414 199.773546
6076.926291 226.795321
6076.929169 245.951924
6076.932087 256.187311
6076.934963 259.006585
6076.937842 258.639884
6076.940760 259.621248
6076.943636 264.338726
6076.946515 271.023953
6076.949433 274.017585
6076.952309 266.913064
6076.955188 247.087097
6076.958105 216.620368
6076.960982 182.118699
6076.963860 148.783301
6076.966778 119.725883
6076.969655 96.950190
6076.972533 79.704018
6076.975451 66.907796
6076.981206 51.499715
6076.984124 47.110157
6076.987000 44.386065
6076.989879 43.002853
6076.992797 42.875331
6076.995673 44.044252
6076.998552 46.663303
6077.001470 51.078730
6077.004346 57.547867
6077.007224 66.594807
6077.010142 78.921692
6077.013019 94.629759
6077.015897 113.989672
6077.018815 136.726564
6077.021692 160.541344
6077.024570 183.177622
6077.027488 202.326920
6077.030365 216.358892
6077.033243 226.538297
6077.036053 234.680994
6077.039037 242.779592
6077.041916 249.899882
6077.044834 255.602352
6077.047710 259.812181
6077.050589 263.891857
6077.056383 272.682297
6077.059262 271.212360
6077.062179 259.271956
6077.065056 235.536672
6077.067934 202.895677
6077.073729 132.570980
6077.076607 103.667161
6077.079525 80.409861
6077.082401 62.988282
6077.085280 49.998539
6077.088197 40.273978
6077.091074 33.147371
6077.093953 27.767493
6077.096870 23.592937
6077.099747 20.382571
6077.102626 17.829942
6077.105543 15.745959
6077.108420 14.067096
6077.111299 12.676048
6077.114216 11.495954
6077.117093 10.507223
6077.119971 9.651382
6077.122889 8.886848
6077.125765 8.211515
6077.128644 7.598513
6077.131562 7.033766
6077.134438 6.529470
6077.137317 6.074629
6077.140234 5.662038
6077.143111 5.298669
6077.145990 4.973427
6077.148907 4.677798
6077.151784 4.414857
6077.154662 4.176184
6077.157580 3.955626
6077.160456 3.756602
6077.163335 3.573385
6077.166252 3.402202
6077.169129 3.246052
6077.172008 3.101086
6077.174925 2.964566
6077.177802 2.839143
6077.180681 2.721942
6077.183598 2.610903
6077.186475 2.508313
6077.192271 2.320195
6077.195149 2.235000
6077.198026 2.154705
6077.200943 2.077877
6077.203821 2.006257
6077.206699 1.938478
6077.209616 1.873416
6077.212494 1.812554
6077.215372 1.754769
6077.218289 1.699125
6077.221167 1.646916
6077.224044 1.597221
6077.226961 1.549218
6077.229840 1.504043
6077.232717 1.460950
6077.235634 1.419222
6077.238512 1.379874
6077.241390 1.342230
6077.244307 1.305712
6077.247185 1.271205
6077.250063 1.238127
6077.252979 1.205988
6077.255858 1.175544
6077.258735 1.146329
6077.261652 1.117877
6077.264530 1.090901
6077.267408 1.064959
6077.270325 1.039668
6077.273203 1.015657
6077.276081 0.992538
6077.277461 0.981758
6077.278998 0.969976
6077.281876 0.948534
6077.284753 0.927879
6077.286134 0.918231
6077.294807 0.861382
6077.303479 0.810537
6077.312152 0.765272
6077.320825 0.725597
6077.329497 0.692462
6077.338170 0.669882
6077.346843 0.672933
6077.355516 0.732025
6077.364188 0.813355
6077.372861 0.776619
6077.381534 0.648797
6077.390207 0.564881
6077.398879 0.536731
6077.407552 0.558315
6077.416225 0.676951
6077.424897 0.893581
6077.433570 0.998909
6077.442243 0.916981
6077.450915 0.758878
6077.459588 0.571158
6077.468261 0.441418
6077.476933 0.381015
6077.485606 0.358159
6077.494279 0.353961
6077.502952 0.338527
6077.511624 0.292515
6077.520297 0.257344
6077.528970 0.256534
6077.537642 0.265477
6077.546315 0.282075
6077.554988 0.309626
6077.563661 0.313199
6077.572333 0.276567
6077.581006 0.239486
6077.589679 0.219347
6077.598351 0.208324
6077.607024 0.200803
6077.615697 0.195083
6077.624369 0.190921
6077.633042 0.189084
6077.641715 0.192629
6077.650388 0.209263
6077.659060 0.240238
6077.667733 0.251787
6077.676406 0.221101
6077.685078 0.184728
6077.702424 0.155438
6077.711096 0.149801
6077.719769 0.145889
6077.728442 0.143072
6077.737115 0.141263
6077.745787 0.140744
6077.754460 0.142394
6077.763133 0.148749
6077.771805 0.168044
6077.780478 0.221098
6077.789151 0.310915
6077.806496 0.280897
6077.815169 0.216139
6077.823842 0.209671
6077.832514 0.232365
6077.841187 0.271711
6077.849860 0.361828
6077.858532 0.423837
6077.867205 0.340010
6077.875878 0.217893
