6076.095197 2.149384
6076.103870 2.176583
6076.112542 2.088915
6076.121215 1.922007
6076.129888 1.727185
6076.138560 1.544670
6076.147233 1.394467
6076.164578 1.201638
6076.173251 1.148564
6076.181924 1.113302
6076.190597 1.086777
6076.199269 1.061795
6076.207942 1.035138
6076.216615 1.007714
6076.225287 0.982647
6076.242633 0.950776
6076.251306 0.946086
6076.259978 0.948161
6076.268651 0.955904
6076.277323 0.968615
6076.285996 0.986062
6076.294669 1.007835
6076.303342 1.032287
6076.312014 1.055849
6076.346705 1.101103
6076.355378 1.112247
6076.364050 1.128218
6076.372723 1.148571
6076.381396 1.171979
6076.390068 1.197356
6076.398741 1.224826
6076.407414 1.255937
6076.416086 1.292943
6076.424759 1.337681
6076.433432 1.390425
6076.442105 1.448828
6076.450777 1.507446
6076.459450 1.559461
6076.468123 1.600480
6076.476795 1.631131
6076.485468 1.655935
6076.494141 1.680499
6076.502814 1.709598
6076.511486 1.746340
6076.520159 1.792162
6076.528832 1.847277
6076.537504 1.911069
6076.546177 1.982169
6076.554850 2.058483
6076.563522 2.138026
6076.572195 2.220268
6076.580868 2.306516
6076.589541 2.399001
6076.598213 2.499788
6076.606886 2.610485
6076.615559 2.732323
6076.624231 2.866410
6076.632904 3.013987
6076.641577 3.176467
6076.650249 3.355513
6076.658922 3.552980
6076.676267 4.008412
6076.684940 4.266606
6076.686332 4.309868
6076.689250 4.402187
6076.692126 4.495369
6076.693613 4.544424
6076.695004 4.590871
6076.697923 4.690163
6076.700799 4.790555
6076.703677 4.893771
6076.706596 5.001517
6076.709472 5.110954
6076.712350 5.223999
6076.715268 5.342510
6076.718144 5.463440
6076.721023 5.588881
6076.723941 5.720797
6076.726817 5.855819
6076.729695 5.996216
6076.732614 6.144341
6076.735490 6.296268
6076.738368 6.454607
6076.741286 6.621976
6076.744163 6.794129
6076.747041 6.973859
6076.749959 7.164224
6076.752835 7.360347
6076.755713 7.565564
6076.758632 7.783410
6076.761508 8.008192
6076.764386 8.243830
6076.767304 8.494350
6076.770181 8.753508
6076.773059 9.025601
6076.775977 9.315425
6076.778853 9.615710
6076.781732 9.931799
6076.784650 10.269019
6076.787526 10.619075
6076.790404 10.988115
6076.793323 11.382846
6076.799077 12.226740
6076.801995 12.691196
6076.807750 13.688067
6076.810668 14.238728
6076.813544 14.814397
6076.816422 15.425908
6076.819341 16.085435
6076.822217 16.777339
6076.825095 17.515272
6076.828013 18.314178
6076.830890 19.156411
6076.833768 20.058109
6076.836686 21.038346
6076.839562 22.075549
6076.842441 23.191108
6076.845359 24.408079
6076.848235 25.700564
6076.851114 27.095648
6076.854032 28.622794
6076.856908 30.249978
6076.859786 32.010950
6076.862705 33.945167
6076.865581 36.010141
6076.868459 38.248845
6076.871236 40.586096
6076.874254 43.339374
6076.877132 46.187214
6076.880050 49.311157
6076.882926 52.636190
6076.885805 56.219702
6076.888723 60.118598
6076.891599 64.224932
6076.894478 68.590723
6076.897396 73.259366
6076.900272 78.072885
6076.903150 83.059899
6076.906069 88.236535
6076.908945 93.386096
6076.911823 98.509464
6076.914741 103.584685
6076.917618 108.379366
6076.920496 112.879004
6076.923414 117.056535
6076.926291 120.730580
6076.929169 123.916922
6076.932087 126.617968
6076.934963 128.741847
6076.937842 130.324254
6076.940760 131.369009
6076.943636 131.849030
6076.946515 131.793292
6076.949433 131.215512
6076.952309 130.178737
6076.955188 128.744095
6076.958105 126.974792
6076.960982 125.020067
6076.963860 122.963355
6076.966778 120.882520
6076.969655 118.934253
6076.972533 117.174853
6076.975451 115.659567
6076.981206 113.690284
6076.984124 113.291820
6076.987000 113.330752
6076.989879 113.815855
6076.992797 114.775377
6076.995673 116.192771
6076.998552 118.090577
6077.001470 120.503705
6077.004346 123.334031
6077.007224 126.527515
6077.010142 129.975209
6077.013019 133.384193
6077.015897 136.624324
6077.018815 139.614412
6077.021692 142.209970
6077.024570 144.409983
6077.027488 146.162779
6077.030365 147.318278
6077.033243 147.801587
6077.036053 147.552033
6077.039037 146.471081
6077.041916 144.635559
6077.044834 142.012261
6077.047710 138.722289
6077.050589 134.786710
6077.056383 125.208138
6077.059262 119.796615
6077.062179 114.006022
6077.065056 108.097774
6077.067934 102.097042
6077.073729 90.130794
6077.076607 84.409162
6077.079525 78.842568
6077.082401 73.629203
6077.085280 68.708721
6077.088197 64.041755
6077.091074 59.756010
6077.093953 55.777744
6077.096870 52.052670
6077.099747 48.665187
6077.102626 45.542931
6077.105543 42.633592
6077.108420 39.995759
6077.111299 37.567797
6077.114216 35.305598
6077.117093 33.252525
6077.119971 31.360041
6077.122889 29.591220
6077.125765 27.982313
6077.128644 26.493372
6077.131562 25.097306
6077.134438 23.822755
6077.137317 22.638794
6077.140234 21.524774
6077.143111 20.503074
6077.145990 19.550676
6077.148907 18.651073
6077.151784 17.822844
6077.154662 17.048125
6077.157580 16.313076
6077.160456 15.634284
6077.163335 14.996579
6077.166252 14.389752
6077.169129 13.826984
6077.172008 13.296637
6077.174925 12.790246
6077.177802 12.319052
6077.180681 11.873571
6077.183598 11.446862
6077.186475 11.048589
6077.192271 10.308119
6077.195149 9.968416
6077.198026 9.645744
6077.200943 9.334718
6077.203821 9.042743
6077.206699 8.764619
6077.209616 8.495976
6077.212494 8.243190
6077.215372 8.001848
6077.218289 7.768213
6077.221167 7.547897
6077.224044 7.337188
6077.226961 7.132724
6077.229840 6.939470
6077.232717 6.754361
6077.235634 6.574406
6077.238512 6.404073
6077.241390 6.240525
6077.244307 6.081322
6077.247185 5.930388
6077.250063 5.785243
6077.252979 5.643790
6077.255858 5.509399
6077.258735 5.380071
6077.261652 5.253778
6077.264530 5.133719
6077.267408 5.017964
6077.270325 4.904834
6077.273203 4.797170
6077.276081 4.693260
6077.277461 4.644720
6077.278998 4.591610
6077.281876 4.494786
6077.284753 4.401296
6077.286134 4.357553
6077.294807 4.098694
6077.303479 3.865145
6077.312152 3.654462
6077.320825 3.464842
6077.329497 3.294911
6077.338170 3.143366
6077.346843 3.008391
6077.355516 2.886713
6077.364188 2.773815
6077.372861 2.666282
6077.381534 2.564546
6077.390207 2.471855
6077.398879 2.389952
6077.407552 2.315608
6077.416225 2.241409
6077.424897 2.160672
6077.433570 2.071974
6077.442243 1.978631
6077.450915 1.885171
6077.459588 1.795257
6077.468261 1.711274
6077.476933 1.634149
6077.485606 1.563470
6077.494279 1.498187
6077.502952 1.437519
6077.511624 1.381661
6077.520297 1.331431
6077.528970 1.287054
6077.537642 1.247386
6077.546315 1.210421
6077.554988 1.174355
6077.563661 1.138322
6077.572333 1.102552
6077.581006 1.067864
6077.589679 1.035032
6077.598351 1.004474
6077.607024 0.976296
6077.615697 0.950456
6077.624369 0.926827
6077.633042 0.905137
6077.641715 0.884872
6077.650388 0.865225
6077.659060 0.845325
6077.667733 0.824701
6077.676406 0.803604
6077.685078 0.782792
6077.702424 0.744851
6077.711096 0.728488
6077.719769 0.714078
6077.728442 0.701758
6077.737115 0.691719
6077.745787 0.684215
6077.754460 0.679442
6077.763133 0.677271
6077.771805 0.676821
6077.780478 0.676251
6077.789151 0.673428
6077.806496 0.659374
6077.815169 0.651546
6077.823842 0.645508
6077.832514 0.640993
6077.841187 0.635754
6077.849860 0.626534
6077.858532 0.611245
6077.867205 0.590755
6077.875878 0.568151
