6076.095197 1.884767
6076.103870 1.889757
6076.112542 1.859285
6076.121215 1.802499
6076.129888 1.731421
6076.138560 1.657220
6076.147233 1.587934
6076.164578 1.478899
6076.173251 1.439879
6076.181924 1.409165
6076.190597 1.384693
6076.199269 1.364803
6076.207942 1.348586
6076.216615 1.335891
6076.225287 1.327042
6076.242633 1.322534
6076.251306 1.327262
6076.259978 1.336525
6076.268651 1.350059
6076.277323 1.367521
6076.285996 1.388467
6076.294669 1.412229
6076.303342 1.437835
6076.312014 1.464117
6076.346705 1.566888
6076.355378 1.595095
6076.364050 1.626051
6076.372723 1.660126
6076.381396 1.697466
6076.390068 1.738231
6076.398741 1.782721
6076.407414 1.831297
6076.416086 1.884195
6076.424759 1.941282
6076.433432 2.001819
6076.442105 2.064477
6076.450777 2.127649
6076.459450 2.190064
6076.468123 2.251316
6076.476795 2.312085
6076.485468 2.373916
6076.494141 2.438692
6076.502814 2.508199
6076.511486 2.583854
6076.520159 2.666639
6076.528832 2.757071
6076.537504 2.855310
6076.546177 2.961320
6076.554850 3.074951
6076.563522 3.196238
6076.572195 3.325642
6076.580868 3.464050
6076.589541 3.612721
6076.598213 3.773073
6076.606886 3.946633
6076.615559 4.134888
6076.624231 4.339365
6076.632904 4.561757
6076.641577 4.803804
6076.650249 5.067350
6076.658922 5.354411
6076.676267 6.007216
6076.684940 6.377743
6076.686332 6.440242
6076.689250 6.574132
6076.692126 6.710038
6076.693613 6.781899
6076.695004 6.850131
6076.697923 6.996595
6076.700799 7.145417
6076.703677 7.299051
6076.706596 7.459931
6076.709472 7.623676
6076.712350 7.793007
6076.715268 7.970573
6076.718144 8.151680
6076.721023 8.339356
6076.723941 8.536430
6076.726817 8.737774
6076.729695 8.946690
6076.732614 9.166576
6076.735490 9.391509
6076.738368 9.625266
6076.741286 9.871590
6076.744163 10.124126
6076.747041 10.386870
6076.749959 10.664153
6076.752835 10.948748
6076.755713 11.245380
6076.758632 11.558995
6076.761508 11.881241
6076.764386 12.217605
6076.767304 12.573621
6076.770181 12.940224
6076.773059 13.323316
6076.775977 13.729387
6076.778853 14.148004
6076.781732 14.586398
6076.784650 15.051626
6076.787526 15.531947
6076.790404 16.035540
6076.793323 16.571144
6076.799077 17.706177
6076.801995 18.325281
6076.807750 19.641158
6076.810668 20.360545
6076.813544 21.106869
6076.816422 21.893149
6076.819341 22.733527
6076.822217 23.606503
6076.825095 24.527663
6076.828013 25.513338
6076.830890 26.539396
6076.833768 27.623095
6076.836686 28.783995
6076.839562 29.993153
6076.842441 31.272025
6076.845359 32.642155
6076.848235 34.069453
6076.851114 35.578754
6076.854032 37.194808
6076.856908 38.876557
6076.859786 40.651582
6076.862705 42.549458
6076.865581 44.518401
6076.868459 46.589391
6076.871236 48.684554
6076.874254 51.069895
6076.877132 53.448901
6076.880050 55.962581
6076.882926 58.536137
6076.885805 61.201880
6076.888723 63.986731
6076.891599 66.802603
6076.894478 69.678990
6076.897396 72.637079
6076.900272 75.576317
6076.903150 78.520555
6076.906069 81.486635
6076.908945 84.365028
6076.911823 87.177052
6076.914741 89.933506
6076.917618 92.534833
6076.920496 95.000809
6076.923414 97.343989
6076.926291 99.485213
6076.929169 101.448718
6076.932087 103.250038
6076.934963 104.834854
6076.937842 106.231021
6076.940760 107.454095
6076.943636 108.475837
6076.946515 109.324700
6076.949433 110.019987
6076.952309 110.558517
6076.955188 110.970767
6076.958105 111.281367
6076.960982 111.506248
6076.963860 111.675430
6076.966778 111.815907
6076.969655 111.948517
6076.972533 112.098138
6076.975451 112.287826
6076.981206 112.838298
6076.984124 113.229450
6076.987000 113.696820
6076.989879 114.248206
6076.992797 114.894144
6076.995673 115.621505
6076.998552 116.449213
6077.001470 117.396728
6077.004346 118.421989
6077.007224 119.476412
6077.010142 120.455441
6077.013019 121.190651
6077.015897 121.592049
6077.018815 121.632312
6077.021692 121.360430
6077.024570 120.852615
6077.027488 120.142393
6077.030365 119.245497
6077.033243 118.115294
6077.036053 116.744598
6077.039037 114.966663
6077.041916 112.924199
6077.044834 110.533938
6077.047710 107.886566
6077.050589 104.982007
6077.056383 98.538361
6077.059262 95.128027
6077.062179 91.587880
6077.065056 88.049674
6077.067934 84.496869
6077.073729 77.417434
6077.076607 73.986768
6077.079525 70.593079
6077.082401 67.347126
6077.085280 64.208158
6077.088197 61.149466
6077.091074 58.258804
6077.093953 55.495017
6077.096870 52.827642
6077.099747 50.327442
6077.102626 47.953449
6077.105543 45.675556
6077.108420 43.550610
6077.111299 41.540644
6077.114216 39.617886
6077.117093 37.828366
6077.119971 36.139052
6077.122889 34.523719
6077.125765 33.022304
6077.128644 31.604274
6077.131562 30.248627
6077.134438 28.988009
6077.137317 27.796550
6077.140234 26.656809
6077.143111 25.595025
6077.145990 24.590559
6077.148907 23.628319
6077.151784 22.730512
6077.154662 21.880079
6077.157580 21.063437
6077.160456 20.300655
6077.163335 19.576310
6077.166252 18.879936
6077.169129 18.227812
6077.172008 17.607600
6077.174925 17.010195
6077.177802 16.449678
6077.180681 15.915576
6077.183598 15.400133
6077.186475 14.915599
6077.192271 14.005800
6077.195149 13.584467
6077.198026 13.181929
6077.200943 12.791755
6077.203821 12.423530
6077.206699 12.071004
6077.209616 11.728846
6077.212494 11.405394
6077.215372 11.095229
6077.218289 10.793699
6077.221167 10.508205
6077.224044 10.234111
6077.226961 9.967152
6077.229840 9.713930
6077.232717 9.470557
6077.235634 9.233185
6077.238512 9.007793
6077.241390 8.790730
6077.244307 8.578818
6077.247185 8.377346
6077.250063 8.183080
6077.252979 7.993259
6077.255858 7.812455
6077.258735 7.638043
6077.261652 7.467318
6077.264530 7.304644
6077.267408 7.147452
6077.270325 6.993488
6077.273203 6.846645
6077.276081 6.704627
6077.277461 6.638183
6077.278998 6.565407
6077.281876 6.432520
6077.284753 6.303944
6077.286134 6.243693
6077.294807 5.885831
6077.303479 5.560708
6077.312152 5.264922
6077.320825 4.995654
6077.329497 4.750393
6077.338170 4.526686
6077.346843 4.322142
6077.355516 4.134239
6077.364188 3.960516
6077.372861 3.798789
6077.381534 3.647418
6077.390207 3.504965
6077.398879 3.369824
6077.407552 3.240077
6077.416225 3.114098
6077.424897 2.991081
6077.433570 2.871145
6077.442243 2.755034
6077.450915 2.643592
6077.459588 2.537436
6077.468261 2.436930
6077.476933 2.342142
6077.485606 2.252899
6077.494279 2.168981
6077.502952 2.090206
6077.511624 2.016484
6077.520297 1.947679
6077.528970 1.883492
6077.537642 1.823372
6077.546315 1.766614
6077.554988 1.712611
6077.563661 1.660972
6077.572333 1.611556
6077.581006 1.564364
6077.589679 1.519461
6077.598351 1.476885
6077.607024 1.436591
6077.615697 1.398482
6077.624369 1.362389
6077.633042 1.328068
6077.641715 1.295247
6077.650388 1.263655
6077.659060 1.233096
6077.667733 1.203489
6077.676406 1.174905
6077.685078 1.147500
6077.702424 1.096949
6077.711096 1.074108
6077.719769 1.053021
6077.728442 1.033748
6077.737115 1.016290
6077.745787 1.000579
6077.754460 0.986416
6077.763133 0.973437
6077.771805 0.961133
6077.780478 0.948946
6077.789151 0.936476
6077.806496 0.910489
6077.815169 0.897305
6077.823842 0.884026
6077.832514 0.870283
6077.841187 0.855479
6077.849860 0.839108
6077.858532 0.821072
6077.867205 0.801768
6077.875878 0.781905
