6076.095197 3.640935
6076.103870 7.379450
6076.112542 6.995415
6076.121215 3.175522
6076.129888 1.042712
6076.138560 0.452872
6076.147233 0.279156
6076.164578 0.178102
6076.173251 0.180863
6076.181924 0.259116
6076.190597 0.499826
6076.199269 0.789998
6076.207942 0.770224
6076.216615 0.503167
6076.225287 0.316725
6076.242633 0.137317
6076.251306 0.130058
6076.259978 0.170940
6076.268651 0.235530
6076.277323 0.233638
6076.285996 0.213440
6076.294669 0.247548
6076.303342 0.304553
6076.312014 0.461080
6076.346705 0.270611
6076.355378 0.217897
6076.364050 0.171924
6076.372723 0.192665
6076.381396 0.253252
6076.390068 0.328280
6076.398741 0.343124
6076.407414 0.243600
6076.416086 0.166961
6076.424759 0.149245
6076.433432 0.157081
6076.442105 0.194098
6076.450777 0.340521
6076.459450 0.693075
6076.468123 0.892558
6076.476795 0.695422
6076.485468 0.558622
6076.494141 0.423232
6076.502814 0.263613
6076.511486 0.200128
6076.520159 0.187711
6076.528832 0.189303
6076.537504 0.200374
6076.546177 0.238849
6076.554850 0.335169
6076.563522 0.407418
6076.572195 0.353857
6076.580868 0.301429
6076.589541 0.297117
6076.598213 0.280111
6076.606886 0.265248
6076.615559 0.267677
6076.624231 0.277973
6076.632904 0.291253
6076.641577 0.306646
6076.650249 0.324281
6076.658922 0.344910
6076.676267 0.413052
6076.684940 0.519700
6076.686332 0.548455
6076.689250 0.619724
6076.692126 0.698951
6076.693613 0.739569
6076.695004 0.774873
6076.697923 0.832389
6076.700799 0.856982
6076.703677 0.846098
6076.706596 0.806712
6076.709472 0.755725
6076.712350 0.709427
6076.715268 0.679607
6076.718144 0.671646
6076.721023 0.682372
6076.723941 0.704568
6076.726817 0.728015
6076.729695 0.744997
6076.732614 0.751810
6076.735490 0.749766
6076.738368 0.744041
6076.741286 0.739977
6076.744163 0.740796
6076.747041 0.746508
6076.749959 0.755527
6076.752835 0.765814
6076.755713 0.776847
6076.758632 0.789308
6076.761508 0.803767
6076.764386 0.820976
6076.767304 0.841145
6076.770181 0.863212
6076.773059 0.886995
6076.775977 0.912759
6076.778853 0.940093
6076.781732 0.969972
6076.784650 1.003583
6076.787526 1.040955
6076.790404 1.083977
6076.793323 1.135455
6076.799077 1.269711
6076.801995 1.356447
6076.807750 1.544108
6076.810668 1.628910
6076.813544 1.694358
6076.816422 1.740297
6076.819341 1.772849
6076.822217 1.801552
6076.825095 1.837377
6076.828013 1.888127
6076.830890 1.955151
6076.833768 2.038788
6076.836686 2.139049
6076.839562 2.251876
6076.842441 2.378345
6076.845359 2.520817
6076.848235 2.676523
6076.851114 2.849393
6076.854032 3.044379
6076.856908 3.259016
6076.859786 3.499784
6076.862705 3.775163
6076.865581 4.082880
6076.868459 4.434082
6076.871236 4.822416
6076.874254 5.311856
6076.877132 5.859697
6076.880050 6.517323
6076.882926 7.294563
6076.885805 8.240650
6076.888723 9.429811
6076.891599 10.915106
6076.894478 12.846358
6076.897396 15.474949
6076.900272 19.078730
6076.903150 24.272265
6076.906069 32.133385
6076.908945 43.913191
6076.911823 61.733761
6076.914741 88.229029
6076.917618 124.023400
6076.920496 168.269859
6076.923414 216.659878
6076.926291 259.653061
6076.929169 289.782415
6076.932087 302.893915
6076.934963 300.893606
6076.937842 292.197030
6076.940760 287.257544
6076.943636 293.478210
6076.946515 309.520910
6076.949433 324.909811
6076.952309 324.770258
6076.955188 300.942243
6076.958105 255.737346
6076.960982 201.748904
6076.963860 150.200358
6076.966778 107.679504
6076.969655 77.184615
6076.972533 56.552677
6076.975451 43.053989
6076.981206 29.293181
6076.984124 25.906023
6076.987000 23.916979
6076.989879 22.939550
6076.992797 22.856089
6076.995673 23.686226
6076.998552 25.573960
6077.001470 28.891843
6077.004346 34.126273
6077.007224 42.255663
6077.010142 54.798791
6077.013019 72.882144
6077.015897 97.630382
6077.018815 128.961232
6077.021692 162.897940
6077.024570 194.314520
6077.027488 217.688505
6077.030365 230.178355
6077.033243 235.543624
6077.036053 239.968736
6077.039037 248.392947
6077.041916 259.819428
6077.044834 271.201838
6077.047710 280.229958
6077.050589 289.162014
6077.056383 317.370448
6077.059262 328.179962
6077.062179 322.586171
6077.065056 294.178622
6077.067934 246.882643
6077.073729 139.715191
6077.076607 98.205612
6077.079525 67.659323
6077.082401 47.293286
6077.085280 33.986353
6077.088197 25.289360
6077.091074 19.665231
6077.093953 15.838208
6077.096870 13.099880
6077.099747 11.117305
6077.102626 9.609305
6077.105543 8.420441
6077.108420 7.492312
6077.111299 6.748316
6077.114216 6.139950
6077.117093 5.647016
6077.119971 5.226138
6077.122889 4.841871
6077.125765 4.482839
6077.128644 4.133738
6077.131562 3.793279
6077.134438 3.480265
6077.137317 3.198298
6077.140234 2.948831
6077.143111 2.737169
6077.145990 2.554763
6077.148907 2.394078
6077.151784 2.254261
6077.154662 2.129073
6077.157580 2.014331
6077.160456 1.911295
6077.163335 1.816735
6077.166252 1.728578
6077.169129 1.648297
6077.172008 1.573865
6077.174925 1.503852
6077.177802 1.439596
6077.180681 1.379606
6077.183598 1.322816
6077.186475 1.270388
6077.192271 1.174348
6077.195149 1.130893
6077.198026 1.089961
6077.200943 1.050817
6077.203821 1.014343
6077.206699 0.979843
6077.209616 0.946740
6077.212494 0.915786
6077.215372 0.886409
6077.218289 0.858131
6077.221167 0.831608
6077.224044 0.806370
6077.226961 0.782000
6077.229840 0.759073
6077.232717 0.737208
6077.235634 0.716042
6077.238512 0.696089
6077.241390 0.677004
6077.244307 0.658495
6077.247185 0.641009
6077.250063 0.624251
6077.252979 0.607973
6077.255858 0.592555
6077.258735 0.577763
6077.261652 0.563361
6077.264530 0.549708
6077.267408 0.536580
6077.270325 0.523784
6077.273203 0.511638
6077.276081 0.499945
6077.277461 0.494493
6077.278998 0.488535
6077.281876 0.477693
6077.284753 0.467250
6077.286134 0.462374
6077.294807 0.433642
6077.303479 0.407957
6077.312152 0.385105
6077.320825 0.365107
6077.329497 0.348528
6077.338170 0.338224
6077.346843 0.351111
6077.355516 0.447035
6077.364188 0.606931
6077.372861 0.568929
6077.381534 0.386783
6077.390207 0.298011
6077.398879 0.275051
6077.407552 0.285074
6077.416225 0.397485
6077.424897 0.715375
6077.433570 0.949039
6077.442243 0.869129
6077.450915 0.679254
6077.459588 0.408944
6077.468261 0.247425
6077.476933 0.196992
6077.485606 0.187685
6077.494279 0.205219
6077.502952 0.209512
6077.511624 0.151354
6077.520297 0.109903
6077.528970 0.121458
6077.537642 0.134493
6077.546315 0.154986
6077.554988 0.205871
6077.563661 0.229741
6077.572333 0.177779
6077.581006 0.129149
6077.589679 0.111520
6077.598351 0.104900
6077.607024 0.100905
6077.615697 0.097953
6077.624369 0.095832
6077.633042 0.094986
6077.641715 0.097976
6077.650388 0.116816
6077.659060 0.169072
6077.667733 0.203380
6077.676406 0.157154
6077.685078 0.104442
6077.702424 0.078410
6077.711096 0.075293
6077.719769 0.073232
6077.728442 0.071768
6077.737115 0.070825
6077.745787 0.070533
6077.754460 0.071344
6077.763133 0.074706
6077.771805 0.087317
6077.780478 0.140561
6077.789151 0.277379
6077.806496 0.246588
6077.815169 0.139158
6077.823842 0.137302
6077.832514 0.173714
6077.841187 0.202001
6077.849860 0.324832
6077.858532 0.465114
6077.867205 0.345246
6077.875878 0.157757
