6076.095197 3.000933
6076.103870 3.358792
6076.112542 3.095103
6076.121215 2.430754
6076.129888 1.775915
6076.138560 1.312531
6076.147233 1.025344
6076.164578 0.767746
6076.173251 0.736295
6076.181924 0.748726
6076.190597 0.780252
6076.199269 0.791953
6076.207942 0.759631
6076.216615 0.696166
6076.225287 0.629266
6076.242633 0.544926
6076.251306 0.534038
6076.259978 0.537959
6076.268651 0.547700
6076.277323 0.558570
6076.285996 0.574187
6076.294669 0.600029
6076.303342 0.638890
6076.312014 0.682235
6076.346705 0.634456
6076.355378 0.622254
6076.364050 0.623645
6076.372723 0.638400
6076.381396 0.659968
6076.390068 0.677555
6076.398741 0.683315
6076.407414 0.681755
6076.416086 0.686164
6076.424759 0.706709
6076.433432 0.749574
6076.442105 0.820579
6076.450777 0.916775
6076.459450 1.007345
6076.468123 1.048303
6076.476795 1.035661
6076.485468 0.998012
6076.494141 0.955607
6076.502814 0.922929
6076.511486 0.909547
6076.520159 0.915407
6076.528832 0.937000
6076.537504 0.972556
6076.546177 1.021059
6076.554850 1.075807
6076.563522 1.122387
6076.572195 1.154381
6076.580868 1.181427
6076.589541 1.212739
6076.598213 1.250611
6076.606886 1.296213
6076.615559 1.350426
6076.624231 1.413203
6076.632904 1.484442
6076.641577 1.564616
6076.650249 1.655051
6076.658922 1.758302
6076.676267 2.021072
6076.684940 2.185530
6076.686332 2.213108
6076.689250 2.270931
6076.692126 2.327069
6076.693613 2.355453
6076.695004 2.381497
6076.697923 2.434375
6076.700799 2.484171
6076.703677 2.532237
6076.706596 2.580146
6076.709472 2.627657
6076.712350 2.676576
6076.715268 2.728413
6076.718144 2.782184
6076.721023 2.838832
6076.723941 2.899068
6076.726817 2.961090
6076.729695 3.025719
6076.732614 3.093951
6076.735490 3.164013
6076.738368 3.237239
6076.741286 3.315015
6076.744163 3.395527
6076.747041 3.480195
6076.749959 3.570564
6076.752835 3.664389
6076.755713 3.763308
6076.758632 3.869098
6076.761508 3.979047
6076.764386 4.095114
6076.767304 4.219361
6076.770181 4.348765
6076.773059 4.485544
6076.775977 4.632256
6076.778853 4.785366
6076.781732 4.947762
6076.784650 5.122410
6076.787526 5.305222
6076.790404 5.499559
6076.793323 5.709091
6076.799077 6.161411
6076.801995 6.411725
6076.807750 6.948529
6076.810668 7.243610
6076.813544 7.550828
6076.816422 7.876253
6076.819341 8.227154
6076.822217 8.596456
6076.825095 8.992951
6076.828013 9.426406
6076.830890 9.888902
6076.833768 10.390794
6076.836686 10.944470
6076.839562 11.539450
6076.842441 12.189768
6076.845359 12.911441
6076.848235 13.691957
6076.851114 14.550954
6076.854032 15.511442
6076.856908 16.558851
6076.859786 17.721439
6076.862705 19.034873
6076.865581 20.481488
6076.868459 22.104641
6076.871236 23.863961
6076.874254 26.027213
6076.877132 28.375978
6076.880050 31.093526
6076.882926 34.162798
6076.885805 37.694733
6076.888723 41.829355
6076.891599 46.549733
6076.894478 52.028572
6076.897396 58.476252
6076.900272 65.838588
6076.903150 74.319426
6076.906069 84.131993
6076.908945 94.984074
6076.911823 106.883439
6076.914741 119.696617
6076.917618 132.578621
6076.920496 145.094418
6076.923414 156.744292
6076.926291 166.653475
6076.929169 174.667531
6076.932087 180.808636
6076.934963 185.125729
6076.937842 188.052460
6076.940760 189.806156
6076.943636 190.236403
6076.946515 188.964687
6076.949433 185.423655
6076.952309 179.427562
6076.955188 171.075554
6076.958105 160.795730
6076.960982 149.682046
6076.963860 138.422682
6076.966778 127.552064
6076.969655 117.834865
6076.972533 109.365581
6076.975451 102.162238
6076.981206 92.018611
6076.984124 88.833458
6076.987000 86.912681
6076.989879 86.171255
6076.992797 86.626151
6076.995673 88.299390
6076.998552 91.262801
6077.001470 95.670892
6077.004346 101.464065
6077.007224 108.689106
6077.010142 117.340943
6077.013019 126.931022
6077.015897 137.254145
6077.018815 148.101723
6077.021692 158.793893
6077.024570 169.083726
6077.027488 178.672159
6077.030365 186.896345
6077.033243 193.589270
6077.036053 198.456372
6077.039037 201.747058
6077.041916 203.136143
6077.044834 202.889425
6077.047710 201.153568
6077.050589 197.965093
6077.056383 186.442951
6077.059262 177.665686
6077.062179 166.622622
6077.065056 153.959682
6077.067934 140.174559
6077.073729 112.067305
6077.076607 99.173198
6077.079525 87.321263
6077.082401 76.969651
6077.085280 67.920984
6077.088197 60.001857
6077.091074 53.292610
6077.093953 47.532250
6077.096870 42.529065
6077.099747 38.290925
6077.102626 34.633469
6077.105543 31.428421
6077.108420 28.682162
6077.111299 26.280799
6077.114216 24.145783
6077.117093 22.288166
6077.119971 20.638809
6077.122889 19.148182
6077.125765 17.832396
6077.128644 16.646940
6077.131562 15.562483
6077.134438 14.594787
6077.137317 13.714846
6077.140234 12.903602
6077.143111 12.173885
6077.145990 11.506010
6077.148907 10.886057
6077.151784 10.324567
6077.154662 9.807282
6077.157580 9.323436
6077.160456 8.882502
6077.163335 8.473282
6077.166252 8.088289
6077.169129 7.735005
6077.172008 7.405306
6077.174925 7.093364
6077.177802 6.805567
6077.180681 6.535614
6077.183598 6.278951
6077.186475 6.041054
6077.192271 5.602930
6077.195149 5.403715
6077.198026 5.215506
6077.200943 5.035019
6077.203821 4.866405
6077.206699 4.706519
6077.209616 4.552751
6077.212494 4.408654
6077.215372 4.271612
6077.218289 4.139438
6077.221167 4.015236
6077.224044 3.896846
6077.226961 3.782333
6077.229840 3.674425
6077.232717 3.571363
6077.235634 3.471450
6077.238512 3.377128
6077.241390 3.286793
6077.244307 3.199072
6077.247185 3.116101
6077.250063 3.036489
6077.252979 2.959070
6077.255858 2.885667
6077.258735 2.815171
6077.261652 2.746462
6077.264530 2.681266
6077.267408 2.618521
6077.270325 2.557307
6077.273203 2.499152
6077.276081 2.443118
6077.277461 2.416976
6077.278998 2.388395
6077.281876 2.336358
6077.284753 2.286195
6077.286134 2.262754
6077.294807 2.124458
6077.303479 2.000461
6077.312152 1.889625
6077.320825 1.791543
6077.329497 1.706884
6077.338170 1.638051
6077.346843 1.589023
6077.355516 1.558894
6077.364188 1.528661
6077.372861 1.471800
6077.381534 1.393927
6077.390207 1.326875
6077.398879 1.292182
6077.407552 1.297268
6077.416225 1.332159
6077.424897 1.354020
6077.433570 1.320719
6077.442243 1.239558
6077.450915 1.137817
6077.459588 1.035568
6077.468261 0.948750
6077.476933 0.883023
6077.485606 0.834191
6077.494279 0.793869
6077.502952 0.753633
6077.511624 0.712251
6077.520297 0.678238
6077.528970 0.657489
6077.537642 0.646243
6077.546315 0.638765
6077.554988 0.628984
6077.563661 0.610541
6077.572333 0.584142
6077.581006 0.556862
6077.589679 0.533370
6077.598351 0.514060
6077.607024 0.498007
6077.615697 0.484600
6077.624369 0.473798
6077.633042 0.466102
6077.641715 0.462237
6077.650388 0.461623
6077.659060 0.459806
6077.667733 0.450291
6077.676406 0.432469
6077.685078 0.412469
6077.702424 0.381751
6077.711096 0.371174
6077.719769 0.362815
6077.728442 0.356385
6077.737115 0.351998
6077.745787 0.350232
6077.754460 0.352348
6077.763133 0.360630
6077.771805 0.377971
6077.780478 0.403806
6077.789151 0.426489
6077.806496 0.411839
6077.815169 0.394854
6077.823842 0.391013
6077.832514 0.401301
6077.841187 0.422757
6077.849860 0.443573
6077.858532 0.439504
6077.867205 0.402957
6077.875878 0.356779
