6076.095197 3.660481
6076.103870 7.431819
6076.112542 7.044935
6076.121215 3.192850
6076.129888 1.047950
6076.138560 0.455681
6076.147233 0.280943
6076.164578 0.178968
6076.173251 0.181328
6076.181924 0.258649
6076.190597 0.498061
6076.199269 0.788835
6076.207942 0.770637
6076.216615 0.503463
6076.225287 0.316909
6076.242633 0.137492
6076.251306 0.130082
6076.259978 0.170418
6076.268651 0.234430
6076.277323 0.232618
6076.285996 0.212972
6076.294669 0.247449
6076.303342 0.304243
6076.312014 0.460739
6076.346705 0.271203
6076.355378 0.218365
6076.364050 0.172111
6076.372723 0.192643
6076.381396 0.252655
6076.390068 0.326618
6076.398741 0.341190
6076.407414 0.242535
6076.416086 0.166787
6076.424759 0.149392
6076.433432 0.157252
6076.442105 0.194016
6076.450777 0.339450
6076.459450 0.690763
6076.468123 0.889897
6076.476795 0.693199
6076.485468 0.557899
6076.494141 0.423136
6076.502814 0.263704
6076.511486 0.200477
6076.520159 0.188160
6076.528832 0.189786
6076.537504 0.200853
6076.546177 0.239259
6076.554850 0.335581
6076.563522 0.407748
6076.572195 0.353846
6076.580868 0.301377
6076.589541 0.297162
6076.598213 0.280412
6076.606886 0.265840
6076.615559 0.268420
6076.624231 0.278784
6076.632904 0.292114
6076.641577 0.307553
6076.650249 0.325232
6076.658922 0.345900
6076.676267 0.413930
6076.684940 0.519994
6076.686332 0.548612
6076.689250 0.619593
6076.692126 0.698585
6076.693613 0.739114
6076.695004 0.774356
6076.697923 0.831814
6076.700799 0.856424
6076.703677 0.845618
6076.706596 0.806376
6076.709472 0.755599
6076.712350 0.709568
6076.715268 0.680046
6076.718144 0.672371
6076.721023 0.683361
6076.723941 0.705790
6076.726817 0.729424
6076.729695 0.746542
6076.732614 0.753445
6076.735490 0.751467
6076.738368 0.745824
6076.741286 0.741880
6076.744163 0.742847
6076.747041 0.748710
6076.749959 0.757847
6076.752835 0.768203
6076.755713 0.779262
6076.758632 0.791730
6076.761508 0.806201
6076.764386 0.823440
6076.767304 0.843659
6076.770181 0.865789
6076.773059 0.889645
6076.775977 0.915485
6076.778853 0.942900
6076.781732 0.972862
6076.784650 1.006556
6076.787526 1.044003
6076.790404 1.087084
6076.793323 1.138601
6076.799077 1.272901
6076.801995 1.359691
6076.807750 1.547620
6076.810668 1.632614
6076.813544 1.698252
6076.816422 1.744372
6076.819341 1.777123
6076.822217 1.806072
6076.825095 1.842208
6076.828013 1.893329
6076.830890 1.960748
6076.833768 2.044787
6076.836686 2.145454
6076.839562 2.258687
6076.842441 2.385577
6076.845359 2.528501
6076.848235 2.684687
6076.851114 2.858083
6076.854032 3.053654
6076.856908 3.268929
6076.859786 3.510405
6076.862705 3.786584
6076.865581 4.095184
6076.868459 4.447378
6076.871236 4.836789
6076.874254 5.327554
6076.877132 5.876834
6076.880050 6.536122
6076.882926 7.315226
6076.885805 8.263430
6076.888723 9.454997
6076.891599 10.942895
6076.894478 12.876867
6076.897396 15.508072
6076.900272 19.113804
6076.903150 24.308021
6076.906069 32.168223
6076.908945 43.947188
6076.911823 61.773644
6076.914741 88.296756
6076.917618 124.160581
6076.920496 168.530789
6076.923414 217.086646
6076.926291 260.235073
6076.929169 290.452342
6076.932087 303.547965
6076.934963 301.439742
6076.937842 292.602588
6076.940760 287.575269
6076.943636 293.830874
6076.946515 310.026002
6076.949433 325.597005
6076.952309 325.539380
6076.955188 301.634223
6076.958105 256.235039
6076.960982 202.039919
6076.963860 150.341212
6076.966778 107.742021
6076.969655 77.222992
6076.972533 56.592895
6076.975451 43.103505
6076.981206 29.355064
6076.984124 25.969719
6076.987000 23.980911
6076.989879 23.003099
6076.992797 22.919195
6076.995673 23.748992
6076.998552 25.636053
6077.001470 28.951871
6077.004346 34.181951
6077.007224 42.305573
6077.010142 54.846852
6077.013019 72.944091
6077.015897 97.738194
6077.018815 129.160748
6077.021692 163.224760
6077.024570 194.765878
6077.027488 218.205696
6077.030365 230.674851
6077.033243 235.972185
6077.036053 240.353790
6077.039037 248.798923
6077.041916 260.286196
6077.044834 271.705811
6077.047710 280.711531
6077.050589 289.599151
6077.056383 317.920183
6077.059262 328.865630
6077.062179 323.326886
6077.065056 294.823126
6077.067934 247.323272
6077.073729 139.796563
6077.076607 98.217354
6077.079525 67.654108
6077.082401 47.295306
6077.085280 34.000382
6077.088197 25.312220
6077.091074 19.692187
6077.093953 15.865907
6077.096870 13.126448
6077.099747 11.141944
6077.102626 9.631764
6077.105543 8.440699
6077.108420 7.510517
6077.111299 6.764649
6077.114216 6.154621
6077.117093 5.660301
6077.119971 5.238263
6077.122889 4.852992
6077.125765 4.493078
6077.128644 4.143181
6077.131562 3.802021
6077.134438 3.488442
6077.137317 3.206035
6077.140234 2.956213
6077.143111 2.744247
6077.145990 2.561546
6077.148907 2.400558
6077.151784 2.260442
6077.154662 2.134958
6077.157580 2.019927
6077.160456 1.916622
6077.163335 1.821810
6077.166252 1.733414
6077.169129 1.652912
6077.172008 1.578275
6077.174925 1.508068
6077.177802 1.443631
6077.180681 1.383474
6077.183598 1.326525
6077.186475 1.273949
6077.192271 1.177637
6077.195149 1.134059
6077.198026 1.093011
6077.200943 1.053755
6077.203821 1.017179
6077.206699 0.982580
6077.209616 0.949382
6077.212494 0.918341
6077.215372 0.888880
6077.218289 0.860521
6077.221167 0.833923
6077.224044 0.808613
6077.226961 0.784173
6077.229840 0.761181
6077.232717 0.739254
6077.235634 0.718027
6077.238512 0.698017
6077.241390 0.678877
6077.244307 0.660315
6077.247185 0.642780
6077.250063 0.625974
6077.252979 0.609648
6077.255858 0.594187
6077.258735 0.579353
6077.261652 0.564909
6077.264530 0.551216
6077.267408 0.538051
6077.270325 0.525218
6077.273203 0.513037
6077.276081 0.501310
6077.277461 0.495842
6077.278998 0.489867
6077.281876 0.478994
6077.284753 0.468521
6077.286134 0.463630
6077.294807 0.434814
6077.303479 0.409052
6077.312152 0.386129
6077.320825 0.366063
6077.329497 0.349415
6077.338170 0.339015
6077.346843 0.351645
6077.355516 0.447056
6077.364188 0.606760
6077.372861 0.568706
6077.381534 0.386762
6077.390207 0.298398
6077.398879 0.275548
6077.407552 0.285489
6077.416225 0.397611
6077.424897 0.715337
6077.433570 0.948161
6077.442243 0.867632
6077.450915 0.678690
6077.459588 0.408751
6077.468261 0.247600
6077.476933 0.197362
6077.485606 0.188140
6077.494279 0.205934
6077.502952 0.210631
6077.511624 0.152621
6077.520297 0.111102
6077.528970 0.122240
6077.537642 0.134836
6077.546315 0.154907
6077.554988 0.205203
6077.563661 0.228839
6077.572333 0.177281
6077.581006 0.129132
6077.589679 0.111687
6077.598351 0.105103
6077.607024 0.101111
6077.615697 0.098153
6077.624369 0.096018
6077.633042 0.095145
6077.641715 0.098054
6077.650388 0.116605
6077.659060 0.168286
6077.667733 0.202296
6077.676406 0.156447
6077.685078 0.104269
6077.702424 0.078523
6077.711096 0.075417
6077.719769 0.073355
6077.728442 0.071885
6077.737115 0.070932
6077.745787 0.070625
6077.754460 0.071408
6077.763133 0.074713
6077.771805 0.087130
6077.780478 0.139643
6077.789151 0.275043
6077.806496 0.244535
6077.815169 0.138212
6077.823842 0.136455
6077.832514 0.172524
6077.841187 0.200280
6077.849860 0.321721
6077.858532 0.460926
6077.867205 0.342078
6077.875878 0.156471
