6076.095197 2.865141
6076.103870 3.218440
6076.112542 2.957716
6076.121215 2.304866
6076.129888 1.668867
6076.138560 1.225963
6076.147233 0.956311
6076.164578 0.723118
6076.173251 0.701261
6076.181924 0.722981
6076.190597 0.762062
6076.199269 0.776824
6076.207942 0.743179
6076.216615 0.677129
6076.225287 0.608525
6076.242633 0.524462
6076.251306 0.515474
6076.259978 0.521768
6076.268651 0.532919
6076.277323 0.543447
6076.285996 0.557928
6076.294669 0.583151
6076.303342 0.622519
6076.312014 0.667073
6076.346705 0.613695
6076.355378 0.600957
6076.364050 0.603091
6076.372723 0.619981
6076.381396 0.644479
6076.390068 0.663969
6076.398741 0.668679
6076.407414 0.663670
6076.416086 0.664649
6076.424759 0.683302
6076.433432 0.726282
6076.442105 0.799916
6076.450777 0.901170
6076.459450 0.996322
6076.468123 1.037080
6076.476795 1.019388
6076.485468 0.975213
6076.494141 0.926813
6076.502814 0.889364
6076.511486 0.872623
6076.520159 0.876159
6076.528832 0.896039
6076.537504 0.930362
6076.546177 0.978132
6076.554850 1.032344
6076.563522 1.077837
6076.572195 1.107831
6076.580868 1.132258
6076.589541 1.160426
6076.598213 1.194644
6076.606886 1.236454
6076.615559 1.287012
6076.624231 1.346229
6076.632904 1.413869
6076.641577 1.490323
6076.650249 1.576914
6076.658922 1.676300
6076.676267 1.932640
6076.684940 2.094930
6076.686332 2.122122
6076.689250 2.178982
6076.692126 2.233858
6076.693613 2.261433
6076.695004 2.286609
6076.697923 2.337289
6076.700799 2.384419
6076.703677 2.429367
6076.706596 2.473743
6076.709472 2.517523
6076.712350 2.562568
6076.715268 2.610413
6076.718144 2.660232
6076.721023 2.712910
6076.723941 2.769089
6076.726817 2.827048
6076.729695 2.887519
6076.732614 2.951416
6076.735490 3.017090
6076.738368 3.085807
6076.741286 3.158898
6076.744163 3.234684
6076.747041 3.314515
6076.749959 3.399860
6076.752835 3.488597
6076.755713 3.582266
6076.758632 3.682549
6076.761508 3.786866
6076.764386 3.897066
6076.767304 4.015102
6076.770181 4.138103
6076.773059 4.268181
6076.775977 4.407776
6076.778853 4.553539
6076.781732 4.708234
6076.784650 4.874708
6076.787526 5.049082
6076.790404 5.234574
6076.793323 5.434690
6076.799077 5.866915
6076.801995 6.106093
6076.807750 6.618498
6076.810668 6.899716
6076.813544 7.192130
6076.816422 7.501522
6076.819341 7.834844
6076.822217 8.185483
6076.825095 8.561918
6076.828013 8.973562
6076.830890 9.413013
6076.833768 9.890203
6076.836686 10.416989
6076.839562 10.983455
6076.842441 11.603001
6076.845359 12.290949
6076.848235 13.035437
6076.851114 13.855276
6076.854032 14.772560
6076.856908 15.773530
6076.859786 16.885388
6076.862705 18.142540
6076.865581 19.528437
6076.868459 21.085064
6076.871236 22.774209
6076.874254 24.853948
6076.877132 27.115532
6076.880050 29.736771
6076.882926 32.703160
6076.885805 36.124415
6076.888723 40.139878
6076.891599 44.737762
6076.894478 50.092202
6076.897396 56.417331
6076.900272 63.670251
6076.903150 72.063763
6076.906069 81.824502
6076.908945 92.677141
6076.911823 104.641997
6076.914741 117.594687
6076.917618 130.680225
6076.920496 143.443557
6076.923414 155.354615
6076.926291 165.494071
6076.929169 173.681995
6076.932087 179.928495
6076.934963 184.288302
6076.937842 187.225307
6076.940760 188.991550
6076.943636 189.454816
6076.946515 188.221873
6076.949433 184.680583
6076.952309 178.596768
6076.955188 170.047692
6076.958105 159.472785
6076.960982 148.016740
6076.963860 136.411614
6076.966778 125.224031
6076.969655 115.246372
6076.972533 106.571984
6076.975451 99.211331
6076.981206 88.865322
6076.984124 85.611334
6076.987000 83.634429
6076.989879 82.843828
6076.992797 83.253917
6076.995673 84.887708
6076.998552 87.816598
6077.001470 92.194458
6077.004346 97.962380
6077.007224 105.169950
6077.010142 113.821943
6077.013019 123.443837
6077.015897 133.840261
6077.018815 144.802519
6077.021692 155.633755
6077.024570 166.072093
6077.027488 175.811887
6077.030365 184.189572
6077.033243 191.052146
6077.036053 196.112323
6077.039037 199.644539
6077.041916 201.301153
6077.044834 201.353941
6077.047710 199.933084
6077.050589 197.067673
6077.056383 186.117826
6077.059262 177.510991
6077.062179 166.520320
6077.065056 153.788278
6077.067934 139.840512
6077.073729 111.297951
6077.076607 98.210845
6077.079525 86.208054
6077.082401 75.756692
6077.085280 66.653207
6077.088197 58.716596
6077.091074 52.018724
6077.093953 46.289965
6077.096870 41.332423
6077.099747 37.147374
6077.102626 33.547138
6077.105543 30.401403
6077.108420 27.713046
6077.111299 25.367770
6077.114216 23.286877
6077.117093 21.479509
6077.119971 19.877076
6077.122889 18.430568
6077.125765 17.154947
6077.128644 16.006578
6077.131562 14.956780
6077.134438 14.020616
6077.137317 13.169901
6077.140234 12.386126
6077.143111 11.681609
6077.145990 11.037248
6077.148907 10.439537
6077.151784 9.898550
6077.154662 9.400463
6077.157580 8.934842
6077.160456 8.510740
6077.163335 8.117326
6077.166252 7.747363
6077.169129 7.408002
6077.172008 7.091408
6077.174925 6.791960
6077.177802 6.515769
6077.180681 6.256770
6077.183598 6.010582
6077.186475 5.782443
6077.192271 5.362416
6077.195149 5.171481
6077.198026 4.991124
6077.200943 4.818192
6077.203821 4.656659
6077.206699 4.503507
6077.209616 4.356234
6077.212494 4.218238
6077.215372 4.087014
6077.218289 3.960463
6077.221167 3.841556
6077.224044 3.728224
6077.226961 3.618613
6077.229840 3.515333
6077.232717 3.416699
6077.235634 3.321084
6077.238512 3.230829
6077.241390 3.144393
6077.244307 3.060465
6077.247185 2.981086
6077.250063 2.904927
6077.252979 2.830870
6077.255858 2.760660
6077.258735 2.693234
6077.261652 2.627523
6077.264530 2.565175
6077.267408 2.505176
6077.270325 2.446645
6077.273203 2.391043
6077.276081 2.337475
6077.277461 2.312484
6077.278998 2.285165
6077.281876 2.235426
6077.284753 2.187485
6077.286134 2.165084
6077.294807 2.032962
6077.303479 1.914578
6077.312152 1.808882
6077.320825 1.715563
6077.329497 1.635441
6077.338170 1.571207
6077.346843 1.527309
6077.355516 1.502978
6077.364188 1.477839
6077.372861 1.423326
6077.381534 1.345337
6077.390207 1.277821
6077.398879 1.243558
6077.407552 1.250915
6077.416225 1.292127
6077.424897 1.324379
6077.433570 1.298951
6077.442243 1.218279
6077.450915 1.112709
6077.459588 1.006488
6077.468261 0.917273
6077.476933 0.850678
6077.485606 0.801827
6077.494279 0.761694
6077.502952 0.721367
6077.511624 0.679790
6077.520297 0.646671
6077.528970 0.628589
6077.537642 0.621044
6077.546315 0.617414
6077.554988 0.610666
6077.563661 0.593307
6077.572333 0.566260
6077.581006 0.538031
6077.589679 0.514136
6077.598351 0.494954
6077.607024 0.479349
6077.615697 0.466601
6077.624369 0.456677
6077.633042 0.450200
6077.641715 0.448107
6077.650388 0.449831
6077.659060 0.450138
6077.667733 0.441238
6077.676406 0.422401
6077.685078 0.401002
6077.702424 0.369123
6077.711096 0.358630
6077.719769 0.350577
6077.728442 0.344616
6077.737115 0.340869
6077.745787 0.339993
6077.754460 0.343446
6077.763133 0.353925
6077.771805 0.374977
6077.780478 0.406189
6077.789151 0.433857
6077.806496 0.418020
6077.815169 0.398805
6077.823842 0.395213
6077.832514 0.408173
6077.841187 0.434347
6077.849860 0.460107
6077.858532 0.456650
6077.867205 0.414856
6077.875878 0.361980
