6076.095197 2.068029
6076.103870 2.095147
6076.112542 2.005494
6076.121215 1.836772
6076.129888 1.642497
6076.138560 1.463432
6076.147233 1.318800
6076.164578 1.139568
6076.173251 1.093210
6076.181924 1.063863
6076.190597 1.041836
6076.199269 1.019583
6076.207942 0.994092
6076.216615 0.966907
6076.225287 0.941817
6076.242633 0.910536
6076.251306 0.906494
6076.259978 0.909176
6076.268651 0.917266
6076.277323 0.930041
6076.285996 0.947438
6076.294669 0.969265
6076.303342 0.993939
6076.312014 1.017653
6076.346705 1.058903
6076.355378 1.069196
6076.364050 1.084775
6076.372723 1.104976
6076.381396 1.128088
6076.390068 1.152649
6076.398741 1.178692
6076.407414 1.208050
6076.416086 1.243466
6076.424759 1.287195
6076.433432 1.339700
6076.442105 1.398444
6076.450777 1.457304
6076.459450 1.508505
6076.468123 1.547052
6076.476795 1.573743
6076.485468 1.593757
6076.494141 1.613368
6076.502814 1.637786
6076.511486 1.670300
6076.520159 1.712335
6076.528832 1.764000
6076.537504 1.824548
6076.546177 1.892430
6076.554850 1.965305
6076.563522 2.040949
6076.572195 2.118718
6076.580868 2.199952
6076.589541 2.286976
6076.598213 2.381934
6076.606886 2.486494
6076.615559 2.601902
6076.624231 2.729245
6076.632904 2.869731
6076.641577 3.024738
6076.650249 3.195914
6076.658922 3.385102
6076.676267 3.822336
6076.684940 4.069867
6076.686332 4.111260
6076.689250 4.199493
6076.692126 4.288410
6076.693613 4.335164
6076.695004 4.379395
6076.697923 4.473845
6076.700799 4.569209
6076.703677 4.667143
6076.706596 4.769283
6076.709472 4.872961
6076.712350 4.980017
6076.715268 5.092229
6076.718144 5.206730
6076.721023 5.325518
6076.723941 5.450462
6076.726817 5.578382
6076.729695 5.711437
6076.732614 5.851863
6076.735490 5.995947
6076.738368 6.146171
6076.741286 6.305026
6076.744163 6.468491
6076.747041 6.639221
6076.749959 6.820127
6076.752835 7.006581
6076.755713 7.201756
6076.758632 7.409023
6076.761508 7.622969
6076.764386 7.847327
6076.767304 8.085937
6076.770181 8.332861
6076.773059 8.592194
6076.775977 8.868522
6076.778853 9.154917
6076.781732 9.456483
6076.784650 9.778310
6076.787526 10.112486
6076.790404 10.464888
6076.793323 10.841917
6076.799077 11.648254
6076.801995 12.092173
6076.807750 13.045232
6076.810668 13.571843
6076.813544 14.122501
6076.816422 14.707608
6076.819341 15.338878
6076.822217 16.001421
6076.825095 16.708396
6076.828013 17.474238
6076.830890 18.282157
6076.833768 19.147768
6076.836686 20.089557
6076.839562 21.086987
6076.842441 22.160822
6076.845359 23.333534
6076.848235 24.580461
6076.851114 25.928054
6076.854032 27.405231
6076.856908 28.981511
6076.859786 30.690135
6076.862705 32.570168
6076.865581 34.581160
6076.868459 36.765896
6076.871236 39.051905
6076.874254 41.751570
6076.877132 44.551701
6076.880050 47.632432
6076.882926 50.922010
6076.885805 54.479508
6076.888723 58.364458
6076.891599 62.472183
6076.894478 66.857323
6076.897396 71.566615
6076.900272 76.442960
6076.903150 81.516443
6076.906069 86.804360
6076.908945 92.084373
6076.911823 97.354463
6076.914741 102.588237
6076.917618 107.540508
6076.920496 112.189748
6076.923414 116.501494
6076.926291 120.283172
6076.929169 123.547953
6076.932087 126.296959
6076.934963 128.437550
6076.937842 130.007562
6076.940760 131.010572
6076.943636 131.419877
6076.946515 131.262256
6076.949433 130.548174
6076.952309 129.345093
6076.955188 127.715523
6076.958105 125.725917
6076.960982 123.539601
6076.963860 121.245934
6076.966778 118.928235
6076.969655 116.757203
6076.972533 114.791413
6076.975451 113.087820
6076.981206 110.818483
6076.984124 110.306636
6076.987000 110.260455
6076.989879 110.687859
6076.992797 111.618405
6076.995673 113.037735
6076.998552 114.968275
6077.001470 117.444591
6077.004346 120.364074
6077.007224 123.672264
6077.010142 127.265196
6077.013019 130.851544
6077.015897 134.305680
6077.018815 137.544628
6077.021692 140.404710
6077.024570 142.875559
6077.027488 144.900590
6077.030365 146.317615
6077.033243 147.051842
6077.036053 147.031778
6077.039037 146.170758
6077.041916 144.517637
6077.044834 142.044040
6077.047710 138.863334
6077.050589 134.996798
6077.056383 125.432938
6077.059262 119.970813
6077.062179 114.096191
6077.065056 108.080124
6077.067934 101.955279
6077.073729 89.724378
6077.076607 83.878630
6077.079525 78.198313
6077.082401 72.887822
6077.085280 67.886391
6077.088197 63.154146
6077.091074 58.819731
6077.093953 54.807012
6077.096870 51.059849
6077.099747 47.661412
6077.102626 44.537196
6077.105543 41.633376
6077.108420 39.006894
6077.111299 36.594868
6077.114216 34.352356
6077.117093 32.321261
6077.119971 30.452550
6077.122889 28.709018
6077.125765 27.125716
6077.128644 25.662695
6077.131562 24.292889
6077.134438 23.043985
6077.137317 21.885286
6077.140234 20.796317
6077.143111 19.798693
6077.145990 18.869700
6077.148907 17.993063
6077.151784 17.186723
6077.154662 16.433130
6077.157580 15.718709
6077.160456 15.059476
6077.163335 14.440591
6077.166252 13.852074
6077.169129 13.306636
6077.172008 12.792926
6077.174925 12.302700
6077.177802 11.846793
6077.180681 11.415977
6077.183598 11.003510
6077.186475 10.618701
6077.192271 9.903699
6077.195149 9.575869
6077.198026 9.264584
6077.200943 8.964634
6077.203821 8.683146
6077.206699 8.415090
6077.209616 8.156246
6077.212494 7.912746
6077.215372 7.680329
6077.218289 7.455390
6077.221167 7.243322
6077.224044 7.040547
6077.226961 6.843823
6077.229840 6.657923
6077.232717 6.479892
6077.235634 6.306851
6077.238512 6.143090
6077.241390 5.985881
6077.244307 5.832874
6077.247185 5.687837
6077.250063 5.548384
6077.252979 5.412500
6077.255858 5.283417
6077.258735 5.159218
6077.261652 5.037950
6077.264530 4.922684
6077.267408 4.811567
6077.270325 4.702988
6077.273203 4.599667
6077.276081 4.499965
6077.277461 4.453395
6077.278998 4.402445
6077.281876 4.309569
6077.284753 4.219907
6077.286134 4.177960
6077.294807 3.929813
6077.303479 3.706088
6077.312152 3.504470
6077.320825 3.323288
6077.329497 3.161316
6077.338170 3.017394
6077.346843 2.889774
6077.355516 2.775033
6077.364188 2.668249
6077.372861 2.565692
6077.381534 2.468044
6077.390207 2.379383
6077.398879 2.302404
6077.407552 2.234349
6077.416225 2.167195
6077.424897 2.092642
6077.433570 2.007933
6077.442243 1.916386
6077.450915 1.823452
6077.459588 1.733724
6077.468261 1.650134
6077.476933 1.573776
6077.485606 1.504169
6077.494279 1.440106
6077.502952 1.380727
6077.511624 1.326349
6077.520297 1.278041
6077.528970 1.236128
6077.537642 1.199243
6077.546315 1.164966
6077.554988 1.131122
6077.563661 1.096704
6077.572333 1.062076
6077.581006 1.028322
6077.589679 0.996427
6077.598351 0.966909
6077.607024 0.939900
6077.615697 0.915368
6077.624369 0.893188
6077.633042 0.873073
6077.641715 0.854439
6077.650388 0.836316
6077.659060 0.817622
6077.667733 0.797774
6077.676406 0.777107
6077.685078 0.756583
6077.702424 0.719455
6077.711096 0.703742
6077.719769 0.690160
6077.728442 0.678862
6077.737115 0.670084
6077.745787 0.664150
6077.754460 0.661346
6077.763133 0.661585
6077.771805 0.663860
6077.780478 0.665928
6077.789151 0.665107
6077.806496 0.652738
6077.815169 0.645563
6077.823842 0.640698
6077.832514 0.637848
6077.841187 0.634244
6077.849860 0.625794
6077.858532 0.609845
6077.867205 0.587501
6077.875878 0.562661
