6076.095197 3.551378
6076.103870 5.460087
6076.112542 5.018025
6076.121215 2.875293
6076.129888 1.362781
6076.138560 0.734167
6076.147233 0.485208
6076.164578 0.326540
6076.173251 0.331040
6076.181924 0.413916
6076.190597 0.593170
6076.199269 0.749684
6076.207942 0.710528
6076.216615 0.540176
6076.225287 0.394524
6076.242633 0.243862
6076.251306 0.237296
6076.259978 0.268813
6076.268651 0.308481
6076.277323 0.312246
6076.285996 0.309029
6076.294669 0.334950
6076.303342 0.392988
6076.312014 0.501864
6076.346705 0.344917
6076.355378 0.307807
6076.364050 0.286681
6076.372723 0.307613
6076.381396 0.358576
6076.390068 0.412687
6076.398741 0.414020
6076.407414 0.350520
6076.416086 0.297944
6076.424759 0.285662
6076.433432 0.303879
6076.442105 0.364624
6076.450777 0.521108
6076.459450 0.771719
6076.468123 0.885316
6076.476795 0.777461
6076.485468 0.657923
6076.494141 0.538641
6076.502814 0.426235
6076.511486 0.371813
6076.520159 0.358006
6076.528832 0.362370
6076.537504 0.380913
6076.546177 0.424840
6076.554850 0.500661
6076.563522 0.552717
6076.572195 0.534462
6076.580868 0.508813
6076.589541 0.504886
6076.598213 0.500007
6076.606886 0.499926
6076.615559 0.512374
6076.624231 0.533182
6076.632904 0.558901
6076.641577 0.588657
6076.650249 0.622825
6076.658922 0.662946
6076.676267 0.788026
6076.684940 0.919410
6076.686332 0.947315
6076.689250 1.009773
6076.692126 1.071985
6076.693613 1.102067
6076.695004 1.127679
6076.697923 1.170047
6076.700799 1.193233
6076.703677 1.198001
6076.706596 1.188929
6076.709472 1.174183
6076.712350 1.161729
6076.715268 1.157400
6076.718144 1.163644
6076.721023 1.179247
6076.723941 1.201103
6076.726817 1.224396
6076.729695 1.246101
6076.732614 1.264975
6076.735490 1.281030
6076.738368 1.296426
6076.741286 1.313452
6076.744163 1.333026
6076.747041 1.355810
6076.749959 1.381967
6076.752835 1.410399
6076.755713 1.441344
6076.758632 1.475413
6076.761508 1.511880
6076.764386 1.551441
6076.767304 1.594745
6076.770181 1.640573
6076.773059 1.689569
6076.775977 1.742666
6076.778853 1.798752
6076.781732 1.859188
6076.784650 1.925574
6076.787526 1.997002
6076.790404 2.075610
6076.793323 2.163994
6076.799077 2.368020
6076.801995 2.486341
6076.807750 2.735836
6076.810668 2.861381
6076.813544 2.979723
6076.816422 3.092634
6076.819341 3.204882
6076.822217 3.318954
6076.825095 3.442822
6076.828013 3.583680
6076.830890 3.741129
6076.833768 3.919052
6076.836686 4.121459
6076.839562 4.343681
6076.842441 4.590176
6076.845359 4.866699
6076.848235 5.168420
6076.851114 5.503169
6076.854032 5.880576
6076.856908 6.295836
6076.859786 6.761385
6076.862705 7.293444
6076.865581 7.887356
6076.868459 8.564219
6076.871236 9.311201
6076.874254 10.250087
6076.877132 11.296965
6076.880050 12.546964
6076.882926 14.013280
6076.885805 15.779281
6076.888723 17.965073
6076.891599 20.635077
6076.894478 23.997442
6076.897396 28.367739
6076.900272 33.987777
6076.903150 41.429354
6076.906069 51.552447
6076.908945 64.960465
6076.911823 82.758136
6076.914741 106.005488
6076.917618 133.916712
6076.920496 165.143890
6076.923414 196.754164
6076.926291 223.620464
6076.929169 242.788228
6076.932087 253.194126
6076.934963 256.265503
6076.937842 256.107163
6076.940760 257.118131
6076.943636 261.647343
6076.946515 268.048980
6076.949433 270.878294
6076.952309 263.878386
6076.955188 244.379397
6076.958105 214.293105
6076.960982 180.065164
6076.963860 146.863281
6076.966778 117.840894
6076.969655 95.061085
6076.972533 77.812695
6076.975451 65.031243
6076.981206 49.688875
6076.984124 45.334109
6076.987000 42.636172
6076.989879 41.267172
6076.992797 41.139458
6076.995673 42.292209
6076.998552 44.878151
6077.001470 49.242920
6077.004346 55.647227
6077.007224 64.616695
6077.010142 76.849354
6077.013019 92.434164
6077.015897 111.612548
6077.018815 134.079167
6077.021692 157.550193
6077.024570 179.831199
6077.027488 198.707053
6077.030365 212.603455
6077.033243 222.732547
6077.036053 230.826543
6077.039037 238.856995
6077.041916 245.981437
6077.044834 251.855742
6077.047710 256.382056
6077.050589 260.783518
6077.056383 269.817199
6077.059262 268.423748
6077.062179 256.752370
6077.065056 233.476739
6077.067934 201.329695
6077.073729 131.546996
6077.076607 102.683988
6077.079525 79.410447
6077.082401 61.974294
6077.085280 48.996651
6077.088197 39.313410
6077.091074 32.247529
6077.093953 26.938094
6077.096870 22.836802
6077.099747 19.695770
6077.102626 17.207281
6077.105543 15.182120
6077.108420 13.555194
6077.111299 12.210413
6077.114216 11.071812
6077.117093 10.119146
6077.119971 9.294999
6077.122889 8.558580
6077.125765 7.907436
6077.128644 7.315565
6077.131562 6.769511
6077.134438 6.281386
6077.137317 5.840925
6077.140234 5.441469
6077.143111 5.089961
6077.145990 4.775720
6077.148907 4.490478
6077.151784 4.237096
6077.154662 4.007344
6077.157580 3.795206
6077.160456 3.603900
6077.163335 3.427869
6077.166252 3.263459
6077.169129 3.113529
6077.172008 2.974367
6077.174925 2.843340
6077.177802 2.722979
6077.180681 2.610524
6077.183598 2.503992
6077.186475 2.405577
6077.192271 2.225134
6077.195149 2.143424
6077.198026 2.066417
6077.200943 1.992741
6077.203821 1.924061
6077.206699 1.859068
6077.209616 1.796682
6077.212494 1.738326
6077.215372 1.682922
6077.218289 1.629572
6077.221167 1.579517
6077.224044 1.531874
6077.226961 1.485854
6077.229840 1.442547
6077.232717 1.401236
6077.235634 1.361235
6077.238512 1.323516
6077.241390 1.287431
6077.244307 1.252426
6077.247185 1.219351
6077.250063 1.187645
6077.252979 1.156840
6077.255858 1.127660
6077.258735 1.099660
6077.261652 1.072392
6077.264530 1.046539
6077.267408 1.021677
6077.270325 0.997441
6077.273203 0.974433
6077.276081 0.952281
6077.277461 0.941951
6077.278998 0.930662
6077.281876 0.910120
6077.284753 0.890332
6077.286134 0.881091
6077.294807 0.826645
6077.303479 0.777978
6077.312152 0.734698
6077.320825 0.696853
6077.329497 0.665462
6077.338170 0.644793
6077.346843 0.650816
6077.355516 0.714801
6077.364188 0.800371
6077.372861 0.764310
6077.381534 0.633930
6077.390207 0.547530
6077.398879 0.518674
6077.407552 0.540359
6077.416225 0.660231
6077.424897 0.883199
6077.433570 1.001243
6077.442243 0.922331
6077.450915 0.756935
6077.459588 0.563039
6077.468261 0.429879
6077.476933 0.368276
6077.485606 0.344901
6077.494279 0.339683
6077.502952 0.322591
6077.511624 0.274957
6077.520297 0.240072
6077.528970 0.242616
6077.537642 0.255568
6077.546315 0.276366
6077.554988 0.308716
6077.563661 0.313998
6077.572333 0.274426
6077.581006 0.234044
6077.589679 0.212564
6077.598351 0.201296
6077.607024 0.193870
6077.615697 0.188370
6077.624369 0.184527
6077.633042 0.183208
6077.641715 0.187884
6077.650388 0.207288
6077.659060 0.242641
6077.667733 0.256154
6077.676406 0.222576
6077.685078 0.182438
6077.702424 0.150871
6077.711096 0.145167
6077.719769 0.141333
6077.728442 0.138668
6077.737115 0.137076
6077.745787 0.136864
6077.754460 0.138996
6077.763133 0.146300
6077.771805 0.168107
6077.780478 0.227917
6077.789151 0.328449
6077.806496 0.295494
6077.815169 0.223213
6077.823842 0.216076
6077.832514 0.241701
6077.841187 0.286348
6077.849860 0.387320
6077.858532 0.456303
6077.867205 0.363590
6077.875878 0.227542
