6076.095197 3.563032
6076.103870 5.477736
6076.112542 5.034149
6076.121215 2.884865
6076.129888 1.368130
6076.138560 0.737483
6076.147233 0.487447
6076.164578 0.327773
6076.173251 0.331910
6076.181924 0.414236
6076.190597 0.592845
6076.199269 0.749311
6076.207942 0.710651
6076.216615 0.540592
6076.225287 0.395019
6076.242633 0.244355
6076.251306 0.237660
6076.259978 0.268889
6076.268651 0.308297
6076.277323 0.312129
6076.285996 0.309167
6076.294669 0.335227
6076.303342 0.393226
6076.312014 0.502010
6076.346705 0.345502
6076.355378 0.308398
6076.364050 0.287201
6076.372723 0.307969
6076.381396 0.358580
6076.390068 0.412231
6076.398741 0.413494
6076.407414 0.350432
6076.416086 0.298288
6076.424759 0.286193
6076.433432 0.304438
6076.442105 0.365046
6076.450777 0.521057
6076.459450 0.771001
6076.468123 0.884368
6076.476795 0.776947
6076.485468 0.658027
6076.494141 0.539126
6076.502814 0.426961
6076.511486 0.372685
6076.520159 0.358945
6076.528832 0.363349
6076.537504 0.381914
6076.546177 0.425822
6076.554850 0.501587
6076.563522 0.553576
6076.572195 0.535302
6076.580868 0.509702
6076.589541 0.505863
6076.598213 0.501159
6076.606886 0.501266
6076.615559 0.513844
6076.624231 0.534747
6076.632904 0.560552
6076.641577 0.590396
6076.650249 0.624656
6076.658922 0.664869
6076.676267 0.790030
6076.684940 0.921223
6076.686332 0.949080
6076.689250 1.011433
6076.692126 1.073555
6076.693613 1.103601
6076.695004 1.129189
6076.697923 1.171547
6076.700799 1.194781
6076.703677 1.199655
6076.706596 1.190740
6076.709472 1.176183
6076.712350 1.163930
6076.715268 1.159801
6076.718144 1.166224
6076.721023 1.181985
6076.723941 1.203983
6076.726817 1.227402
6076.729695 1.249227
6076.732614 1.268222
6076.735490 1.284401
6076.738368 1.299928
6076.741286 1.317094
6076.744163 1.336805
6076.747041 1.359724
6076.749959 1.386010
6076.752835 1.414561
6076.755713 1.445620
6076.758632 1.479805
6076.761508 1.516388
6076.764386 1.556074
6076.767304 1.599513
6076.770181 1.645482
6076.773059 1.694630
6076.775977 1.747889
6076.778853 1.804144
6076.781732 1.864756
6076.784650 1.931328
6076.787526 2.002943
6076.790404 2.081741
6076.793323 2.170320
6076.799077 2.374743
6076.801995 2.493284
6076.807750 2.743292
6076.810668 2.869151
6076.813544 2.987842
6076.816422 3.101144
6076.819341 3.213832
6076.822217 3.328383
6076.825095 3.452773
6076.828013 3.594202
6076.830890 3.752250
6076.833768 3.930808
6076.836686 4.133900
6076.839562 4.356844
6076.842441 4.604118
6076.845359 4.881500
6076.848235 5.184146
6076.851114 5.519913
6076.854032 5.898460
6076.856908 6.314964
6076.859786 6.781898
6076.862705 7.315529
6076.865581 7.911180
6076.868459 8.590003
6076.871236 9.339120
6076.874254 10.280650
6076.877132 11.330418
6076.880050 12.583783
6076.882926 14.053930
6076.885805 15.824369
6076.888723 18.015385
6076.891599 20.691371
6076.894478 24.060670
6076.897396 28.439061
6076.900272 34.068177
6076.903150 41.519914
6076.906069 51.654342
6076.908945 65.074540
6076.911823 82.885700
6076.914741 106.148769
6076.917618 134.078049
6076.920496 165.324724
6076.923414 196.952309
6076.926291 223.828151
6076.929169 242.994985
6076.932087 253.390121
6076.934963 256.445857
6076.937842 256.274692
6076.940760 257.283794
6076.943636 261.824331
6076.946515 268.242848
6076.949433 271.081416
6076.952309 264.074155
6076.955188 244.554352
6076.958105 214.444380
6076.960982 180.199736
6076.963860 146.989983
6076.966778 117.965761
6076.969655 95.186343
6076.972533 77.938018
6076.975451 65.155421
6076.981206 49.808372
6076.984124 45.451182
6076.987000 42.751435
6076.989879 41.381456
6076.992797 41.253761
6076.995673 42.407632
6076.998552 44.995856
6077.001470 49.364108
6077.004346 55.772870
6077.007224 64.747650
6077.010142 76.986714
6077.013019 92.579733
6077.015897 111.769912
6077.018815 134.253771
6077.021692 157.746526
6077.024570 180.050005
6077.027488 198.943432
6077.030365 212.849050
6077.033243 222.982078
6077.036053 231.079600
6077.039037 239.114310
6077.041916 246.238126
6077.044834 252.101264
6077.047710 256.607493
6077.050589 260.988556
6077.056383 270.005642
6077.059262 268.606225
6077.062179 256.916761
6077.065056 233.611313
6077.067934 201.432588
6077.073729 131.615269
6077.076607 102.749639
6077.079525 79.477079
6077.082401 62.041743
6077.085280 49.063155
6077.088197 39.377054
6077.091074 32.307056
6077.093953 26.992885
6077.096870 22.886692
6077.099747 19.741039
6077.102626 17.248287
6077.105543 15.219226
6077.108420 13.588866
6077.111299 12.241030
6077.114216 11.099694
6077.117093 10.144653
6077.119971 9.318419
6077.122889 8.580148
6077.125765 7.927411
6077.128644 7.334146
6077.131562 6.786860
6077.134438 6.297668
6077.137317 5.856258
6077.140234 5.455935
6077.143111 5.103646
6077.145990 4.788680
6077.148907 4.502754
6077.151784 4.248744
6077.154662 4.018406
6077.157580 3.805715
6077.160456 3.613902
6077.163335 3.437399
6077.166252 3.272545
6077.169129 3.122208
6077.172008 2.982665
6077.174925 2.851277
6077.177802 2.730585
6077.180681 2.617819
6077.183598 2.510991
6077.186475 2.412303
6077.192271 2.231358
6077.195149 2.149419
6077.198026 2.072197
6077.200943 1.998314
6077.203821 1.929442
6077.206699 1.864267
6077.209616 1.801706
6077.212494 1.743186
6077.215372 1.687626
6077.218289 1.634126
6077.221167 1.583930
6077.224044 1.536152
6077.226961 1.490002
6077.229840 1.446573
6077.232717 1.405146
6077.235634 1.365032
6077.238512 1.327206
6077.241390 1.291019
6077.244307 1.255915
6077.247185 1.222746
6077.250063 1.190950
6077.252979 1.160059
6077.255858 1.130796
6077.258735 1.102716
6077.261652 1.075371
6077.264530 1.049444
6077.267408 1.024512
6077.270325 1.000207
6077.273203 0.977133
6077.276081 0.954918
6077.277461 0.944558
6077.278998 0.933237
6077.281876 0.912636
6077.284753 0.892792
6077.286134 0.883524
6077.294807 0.828922
6077.303479 0.780112
6077.312152 0.736702
6077.320825 0.698738
6077.329497 0.667236
6077.338170 0.646444
6077.346843 0.652279
6077.355516 0.715957
6077.364188 0.801261
6077.372861 0.765155
6077.381534 0.634932
6077.390207 0.548685
6077.398879 0.519874
6077.407552 0.541558
6077.416225 0.661368
6077.424897 0.883945
6077.433570 1.001168
6077.442243 0.922039
6077.450915 0.757101
6077.459588 0.563598
6077.468261 0.430652
6077.476933 0.369120
6077.485606 0.345773
6077.494279 0.340614
6077.502952 0.323625
6077.511624 0.276098
6077.520297 0.241197
6077.528970 0.243526
6077.537642 0.256221
6077.546315 0.276747
6077.554988 0.308787
6077.563661 0.313957
6077.572333 0.274574
6077.581006 0.234407
6077.589679 0.213013
6077.598351 0.201760
6077.607024 0.194328
6077.615697 0.188813
6077.624369 0.184950
6077.633042 0.183598
6077.641715 0.188201
6077.650388 0.207427
6077.659060 0.242496
6077.667733 0.255880
6077.676406 0.222489
6077.685078 0.182596
6077.702424 0.151175
6077.711096 0.145475
6077.719769 0.141636
6077.728442 0.138961
6077.737115 0.137356
6077.745787 0.137125
6077.754460 0.139226
6077.763133 0.146471
6077.771805 0.168118
6077.780478 0.227492
6077.789151 0.327332
6077.806496 0.294565
6077.815169 0.222774
6077.823842 0.215681
6077.832514 0.241117
6077.841187 0.285422
6077.849860 0.385692
6077.858532 0.454222
6077.867205 0.362079
6077.875878 0.226933
