6076.095197 1.813293
6076.103870 1.817442
6076.112542 1.785316
6076.121215 1.726784
6076.129888 1.654640
6076.138560 1.580505
6076.147233 1.512470
6076.164578 1.408411
6076.173251 1.372322
6076.181924 1.344315
6076.190597 1.322045
6076.199269 1.303725
6076.207942 1.288487
6076.216615 1.276329
6076.225287 1.267757
6076.242633 1.263514
6076.251306 1.268306
6076.259978 1.277563
6076.268651 1.291004
6076.277323 1.308294
6076.285996 1.329019
6076.294669 1.352527
6076.303342 1.377808
6076.312014 1.403595
6076.346705 1.501808
6076.355378 1.528620
6076.364050 1.558207
6076.372723 1.590883
6076.381396 1.626712
6076.390068 1.665810
6076.398741 1.708500
6076.407414 1.755234
6076.416086 1.806348
6076.424759 1.861757
6076.433432 1.920655
6076.442105 1.981522
6076.450777 2.042478
6076.459450 2.102010
6076.468123 2.159618
6076.476795 2.216068
6076.485468 2.273103
6076.494141 2.332827
6076.502814 2.397204
6076.511486 2.467742
6076.520159 2.545437
6076.528832 2.630766
6076.537504 2.723806
6076.546177 2.824409
6076.554850 2.932307
6076.563522 3.047429
6076.572195 3.170174
6076.580868 3.301410
6076.589541 3.442404
6076.598213 3.594583
6076.606886 3.759467
6076.615559 3.938522
6076.624231 4.133237
6076.632904 4.345251
6076.641577 4.576233
6076.650249 4.827942
6076.658922 5.102267
6076.676267 5.726093
6076.684940 6.079829
6076.686332 6.139461
6076.689250 6.267175
6076.692126 6.396767
6076.693613 6.465273
6076.695004 6.530311
6076.697923 6.669889
6076.700799 6.811680
6076.703677 6.958031
6076.706596 7.111262
6076.709472 7.267212
6076.712350 7.428478
6076.715268 7.597591
6076.718144 7.770090
6076.721023 7.948866
6076.723941 8.136623
6076.726817 8.328484
6076.729695 8.527603
6076.732614 8.737227
6076.735490 8.951718
6076.738368 9.174683
6076.741286 9.409704
6076.744163 9.650725
6076.747041 9.901567
6076.749959 10.166375
6076.752835 10.438257
6076.755713 10.721736
6076.758632 11.021549
6076.761508 11.329724
6076.764386 11.651519
6076.767304 11.992243
6076.770181 12.343235
6076.773059 12.710157
6076.775977 13.099247
6076.778853 13.500525
6076.781732 13.920940
6076.784650 14.367284
6076.787526 14.828319
6076.790404 15.311916
6076.793323 15.826505
6076.799077 16.917850
6076.801995 17.513611
6076.807750 18.781025
6076.810668 19.474592
6076.813544 20.194645
6076.816422 20.953829
6076.819341 21.765921
6076.822217 22.610268
6076.825095 23.502068
6076.828013 24.457318
6076.830890 25.452812
6076.833768 26.505478
6076.836686 27.634581
6076.839562 28.812229
6076.842441 30.059587
6076.845359 31.398045
6076.848235 32.794674
6076.851114 34.274147
6076.854032 35.861256
6076.856908 37.516194
6076.859786 39.266603
6076.862705 41.142365
6076.865581 43.092972
6076.868459 45.149742
6076.871236 47.235797
6076.874254 49.617200
6076.877132 51.999043
6076.880050 54.522960
6076.882926 57.114560
6076.885805 59.806851
6076.888723 62.627677
6076.891599 65.488084
6076.894478 68.417906
6076.897396 71.438606
6076.900272 74.446839
6076.903150 77.465820
6076.906069 80.511429
6076.908945 83.469295
6076.911823 86.359068
6076.914741 89.189408
6076.917618 91.855695
6076.920496 94.376136
6076.923414 96.761596
6076.926291 98.930214
6076.929169 100.906036
6076.932087 102.704084
6076.934963 104.270197
6076.937842 105.632556
6076.940760 106.806446
6076.943636 107.765666
6076.946515 108.538834
6076.949433 109.145217
6076.952309 109.585694
6076.955188 109.891415
6076.958105 110.087997
6076.960982 110.197202
6076.963860 110.250454
6076.966778 110.276324
6076.969655 110.301905
6076.972533 110.353301
6076.975451 110.455170
6076.981206 110.876536
6076.984124 111.228613
6076.987000 111.677107
6076.989879 112.230654
6076.992797 112.901693
6076.995673 113.677147
6076.998552 114.575406
6077.001470 115.614001
6077.004346 116.743432
6077.007224 117.912964
6077.010142 119.020778
6077.013019 119.899290
6077.015897 120.462565
6077.018815 120.680919
6077.021692 120.587270
6077.024570 120.249138
6077.027488 119.695611
6077.030365 118.936497
6077.033243 117.927709
6077.036053 116.659272
6077.039037 114.970819
6077.041916 112.994443
6077.044834 110.649830
6077.047710 108.026178
6077.050589 105.124712
6077.056383 98.630430
6077.059262 95.171307
6077.062179 91.569762
6077.065056 87.962470
6077.067934 84.335258
6077.073729 77.101377
6077.076607 73.596420
6077.079525 70.131501
6077.082401 66.820641
6077.085280 63.622831
6077.088197 60.511294
6077.091074 57.575394
6077.093953 54.773147
6077.096870 52.073523
6077.099747 49.547780
6077.102626 47.153999
6077.105543 44.861435
6077.108420 42.726790
6077.111299 40.711327
6077.114216 38.786773
6077.117093 36.998710
6077.119971 35.313609
6077.122889 33.704938
6077.125765 32.212070
6077.128644 30.804231
6077.131562 29.460280
6077.134438 28.212275
6077.137317 27.034295
6077.140234 25.908882
6077.143111 24.861720
6077.145990 23.872230
6077.148907 22.925386
6077.151784 22.042878
6077.154662 21.207774
6077.157580 20.406625
6077.160456 19.658999
6077.163335 18.949665
6077.166252 18.268290
6077.169129 17.630720
6077.172008 17.024806
6077.174925 16.441595
6077.177802 15.894773
6077.180681 15.374060
6077.183598 14.871853
6077.186475 14.400045
6077.192271 13.514878
6077.195149 13.105279
6077.198026 12.714144
6077.200943 12.335203
6077.203821 11.977741
6077.206699 11.635668
6077.209616 11.303792
6077.212494 10.990185
6077.215372 10.689573
6077.218289 10.397439
6077.221167 10.120937
6077.224044 9.855565
6077.226961 9.597184
6077.229840 9.352176
6077.232717 9.116767
6077.235634 8.887228
6077.238512 8.669337
6077.241390 8.459552
6077.244307 8.254798
6077.247185 8.060181
6077.250063 7.872568
6077.252979 7.689293
6077.255858 7.514765
6077.258735 7.346442
6077.261652 7.181717
6077.264530 7.024791
6077.267408 6.873189
6077.270325 6.724731
6077.273203 6.583170
6077.276081 6.446288
6077.277461 6.382257
6077.278998 6.312131
6077.281876 6.184103
6077.284753 6.060256
6077.286134 6.002229
6077.294807 5.657717
6077.303479 5.344955
6077.312152 5.060662
6077.320825 4.802131
6077.329497 4.566951
6077.338170 4.352749
6077.346843 4.157163
6077.355516 3.977657
6077.364188 3.811747
6077.372861 3.657302
6077.381534 3.512860
6077.390207 3.377236
6077.398879 3.248942
6077.407552 3.125905
6077.416225 3.006104
6077.424897 2.888349
6077.433570 2.772623
6077.442243 2.659817
6077.450915 2.551069
6077.459588 2.447281
6077.468261 2.349015
6077.476933 2.256444
6077.485606 2.169429
6077.494279 2.087760
6077.502952 2.011276
6077.511624 1.939936
6077.520297 1.873646
6077.528970 1.812095
6077.537642 1.754645
6077.546315 1.700465
6077.554988 1.648844
6077.563661 1.599355
6077.572333 1.551888
6077.581006 1.506510
6077.589679 1.463355
6077.598351 1.422507
6077.607024 1.383951
6077.615697 1.347597
6077.624369 1.313264
6077.633042 1.280680
6077.641715 1.249525
6077.650388 1.219478
6077.659060 1.190304
6077.667733 1.161925
6077.676406 1.134446
6077.685078 1.108087
6077.702424 1.059685
6077.711096 1.038034
6077.719769 1.018255
6077.728442 1.000435
6077.737115 0.984595
6077.745787 0.970677
6077.754460 0.958464
6077.763133 0.947533
6077.771805 0.937254
6077.780478 0.926935
6077.789151 0.916079
6077.806496 0.892646
6077.815169 0.880598
6077.823842 0.868425
6077.832514 0.855667
6077.841187 0.841546
6077.849860 0.825390
6077.858532 0.807061
6077.867205 0.787071
6077.875878 0.766334
