6076.095197 3.460635
6076.103870 6.937444
6076.112542 6.582127
6076.121215 3.021061
6076.129888 0.989197
6076.138560 0.423017
6076.147233 0.259929
6076.164578 0.168144
6076.173251 0.174616
6076.181924 0.261501
6076.190597 0.515073
6076.199269 0.801896
6076.207942 0.767966
6076.216615 0.499760
6076.225287 0.313659
6076.242633 0.134121
6076.251306 0.128348
6076.259978 0.174529
6076.268651 0.244964
6076.277323 0.242218
6076.285996 0.216391
6076.294669 0.247058
6076.303342 0.305815
6076.312014 0.463084
6076.346705 0.263995
6076.355378 0.212193
6076.364050 0.168403
6076.372723 0.191127
6076.381396 0.257368
6076.390068 0.342763
6076.398741 0.360494
6076.407414 0.252252
6076.416086 0.166758
6076.424759 0.145879
6076.433432 0.153331
6076.442105 0.192344
6076.450777 0.347537
6076.459450 0.712582
6076.468123 0.916598
6076.476795 0.714138
6076.485468 0.563383
6076.494141 0.422084
6076.502814 0.260165
6076.511486 0.194278
6076.520159 0.181002
6076.528832 0.182260
6076.537504 0.193265
6076.546177 0.232303
6076.554850 0.329049
6076.563522 0.402532
6076.572195 0.351485
6076.580868 0.298988
6076.589541 0.293771
6076.598213 0.274187
6076.606886 0.256330
6076.615559 0.257183
6076.624231 0.266684
6076.632904 0.279320
6076.641577 0.294075
6076.650249 0.311057
6076.658922 0.331039
6076.676267 0.399389
6076.684940 0.510965
6076.686332 0.540964
6076.689250 0.614913
6076.692126 0.696476
6076.693613 0.738045
6076.695004 0.774038
6076.697923 0.832332
6076.700799 0.856835
6076.703677 0.845055
6076.706596 0.803941
6076.709472 0.750508
6076.712350 0.701258
6076.715268 0.668303
6076.718144 0.657444
6076.721023 0.665633
6076.723941 0.685667
6076.726817 0.707395
6076.729695 0.723070
6076.732614 0.728889
6076.735490 0.725970
6076.738368 0.719203
6076.741286 0.713760
6076.744163 0.712983
6076.747041 0.717116
6076.749959 0.724819
6076.752835 0.734214
6076.755713 0.744689
6076.758632 0.756732
6076.761508 0.770733
6076.764386 0.787323
6076.767304 0.806682
6076.770181 0.827811
6076.773059 0.850563
6076.775977 0.875208
6076.778853 0.901377
6076.781732 0.930038
6076.784650 0.962396
6076.787526 0.998574
6076.790404 1.040516
6076.793323 1.091068
6076.799077 1.223781
6076.801995 1.309478
6076.807750 1.493639
6076.810668 1.576034
6076.813544 1.638947
6076.816422 1.682228
6076.819341 1.711782
6076.822217 1.736999
6076.825095 1.768709
6076.828013 1.814759
6076.830890 1.876842
6076.833768 1.955390
6076.836686 2.050384
6076.839562 2.157840
6076.842441 2.278638
6076.845359 2.414932
6076.848235 2.564011
6076.851114 2.729606
6076.854032 2.916450
6076.856908 3.122190
6076.859786 3.353041
6076.862705 3.617161
6076.865581 3.912402
6076.868459 4.249507
6076.871236 4.622439
6076.874254 5.092762
6076.877132 5.619628
6076.880050 6.252712
6076.882926 7.001916
6076.885805 7.915418
6076.888723 9.066201
6076.891599 10.507823
6076.894478 12.389478
6076.897396 14.962940
6076.900272 18.510778
6076.903150 23.652114
6076.906069 31.468441
6076.908945 43.202603
6076.911823 60.927751
6076.914741 87.160942
6076.917618 122.376231
6076.920496 165.631885
6076.923414 212.725438
6076.926291 254.537361
6076.929169 284.039406
6076.932087 297.342952
6076.934963 296.235685
6076.937842 288.655346
6076.940760 284.385718
6076.943636 290.294476
6076.946515 305.110360
6076.949433 319.077098
6076.952309 318.349521
6076.955188 295.201861
6076.958105 251.567744
6076.960982 199.188234
6076.963860 148.758675
6076.966778 106.780584
6076.969655 76.422594
6076.972533 55.753336
6076.975451 42.184630
6076.981206 28.368222
6076.984124 24.989046
6076.987000 23.015062
6076.989879 22.050975
6076.992797 21.973923
6076.995673 22.801701
6076.998552 24.681739
6077.001470 27.995514
6077.004346 33.239588
6077.007224 41.389502
6077.010142 53.926550
6077.013019 71.887617
6077.015897 96.267552
6077.018815 126.868585
6077.021692 159.787275
6077.024570 190.195777
6077.027488 213.011951
6077.030365 225.616460
6077.033243 231.462035
6077.036053 236.178228
6077.039037 244.403564
6077.041916 255.360674
6077.044834 266.511149
6077.047710 275.809882
6077.050589 285.186963
6077.056383 312.632527
6077.059262 322.430413
6077.062179 316.489868
6077.065056 288.935638
6077.067934 243.308843
6077.073729 138.923793
6077.076607 97.894001
6077.079525 67.424830
6077.082401 46.974520
6077.085280 33.573187
6077.088197 24.825827
6077.091074 19.197273
6077.093953 15.394028
6077.096870 12.692593
6077.099747 10.749344
6077.102626 9.279069
6077.105543 8.125128
6077.108420 7.227835
6077.111299 6.511109
6077.114216 5.926744
6077.117093 5.454047
6077.119971 5.050391
6077.122889 4.681108
6077.125765 4.334959
6077.128644 3.997155
6077.131562 3.666515
6077.134438 3.361553
6077.137317 3.086230
6077.140234 2.842462
6077.143111 2.635854
6077.145990 2.458255
6077.148907 2.302312
6077.151784 2.167038
6077.154662 2.046204
6077.157580 1.935631
6077.160456 1.836446
6077.163335 1.745478
6077.166252 1.660706
6077.169129 1.583529
6077.172008 1.511991
6077.174925 1.444710
6077.177802 1.382969
6077.180681 1.325334
6077.183598 1.270778
6077.186475 1.220415
6077.192271 1.128166
6077.195149 1.086430
6077.198026 1.047118
6077.200943 1.009525
6077.203821 0.974498
6077.206699 0.941366
6077.209616 0.909576
6077.212494 0.879852
6077.215372 0.851642
6077.218289 0.824488
6077.221167 0.799019
6077.224044 0.774786
6077.226961 0.751385
6077.229840 0.729370
6077.232717 0.708376
6077.235634 0.688052
6077.238512 0.668894
6077.241390 0.650569
6077.244307 0.632798
6077.247185 0.616009
6077.250063 0.599919
6077.252979 0.584290
6077.255858 0.569488
6077.258735 0.555287
6077.261652 0.541460
6077.264530 0.528352
6077.267408 0.515750
6077.270325 0.503466
6077.273203 0.491807
6077.276081 0.480583
6077.277461 0.475350
6077.278998 0.469631
6077.281876 0.459226
6077.284753 0.449205
6077.286134 0.444525
6077.294807 0.416960
6077.303479 0.392330
6077.312152 0.370442
6077.320825 0.351333
6077.329497 0.335609
6077.338170 0.326344
6077.346843 0.341677
6077.355516 0.442620
6077.364188 0.605177
6077.372861 0.567644
6077.381534 0.383108
6077.390207 0.290684
6077.398879 0.266811
6077.407552 0.277350
6077.416225 0.391853
6077.424897 0.712022
6077.433570 0.955363
6077.442243 0.881546
6077.450915 0.683000
6077.459588 0.408104
6077.468261 0.242917
6077.476933 0.190960
6077.485606 0.181082
6077.494279 0.196598
6077.502952 0.197529
6077.511624 0.137668
6077.520297 0.096695
6077.528970 0.112275
6077.537642 0.129484
6077.546315 0.154012
6077.554988 0.210736
6077.563661 0.237114
6077.572333 0.181178
6077.581006 0.127837
6077.589679 0.108501
6077.598351 0.101604
6077.607024 0.097631
6077.615697 0.094779
6077.624369 0.092811
6077.633042 0.092227
6077.641715 0.095962
6077.650388 0.117548
6077.659060 0.175483
6077.667733 0.212950
6077.676406 0.162986
6077.685078 0.104991
6077.702424 0.076310
6077.711096 0.073129
6077.719769 0.071097
6077.728442 0.069703
6077.737115 0.068864
6077.745787 0.068722
6077.754460 0.069770
6077.763133 0.073627
6077.771805 0.087964
6077.780478 0.148071
6077.789151 0.298772
6077.806496 0.265474
6077.815169 0.146985
6077.823842 0.144202
6077.832514 0.184060
6077.841187 0.217231
6077.849860 0.353434
6077.858532 0.504926
6077.867205 0.375156
6077.875878 0.169052
