6076.095197 1.766417
6076.103870 1.770015
6076.112542 1.736812
6076.121215 1.677173
6076.129888 1.604409
6076.138560 1.530432
6076.147233 1.463351
6076.164578 1.362796
6076.173251 1.328711
6076.181924 1.302516
6076.190597 1.281676
6076.199269 1.264327
6076.207942 1.249641
6076.216615 1.237739
6076.225287 1.229259
6076.242633 1.225061
6076.251306 1.229845
6076.259978 1.239046
6076.268651 1.252364
6076.277323 1.269474
6076.285996 1.289986
6076.294669 1.313267
6076.303342 1.338287
6076.312014 1.363711
6076.346705 1.458831
6076.355378 1.484732
6076.364050 1.513436
6076.372723 1.545208
6076.381396 1.580045
6076.390068 1.618023
6076.398741 1.659484
6076.407414 1.704950
6076.416086 1.754840
6076.424759 1.809111
6076.433432 1.866920
6076.442105 1.926609
6076.450777 1.986104
6076.459450 2.043719
6076.468123 2.098885
6076.476795 2.152431
6076.485468 2.206244
6076.494141 2.262592
6076.502814 2.323552
6076.511486 2.390698
6076.520159 2.465032
6076.528832 2.546999
6076.537504 2.636618
6076.546177 2.733659
6076.554850 2.837770
6076.563522 2.948807
6076.572195 3.067123
6076.580868 3.193578
6076.589541 3.329444
6076.598213 3.476164
6076.606886 3.635252
6076.615559 3.808162
6076.624231 3.996359
6076.632904 4.201441
6076.641577 4.425038
6076.650249 4.668850
6076.658922 4.934680
6076.676267 5.539170
6076.684940 5.881681
6076.686332 5.939394
6076.689250 6.062974
6076.692126 6.188339
6076.693613 6.254597
6076.695004 6.317492
6076.697923 6.452451
6076.700799 6.589525
6076.703677 6.730985
6076.706596 6.879080
6076.709472 7.029792
6076.712350 7.185637
6076.715268 7.349067
6076.718144 7.515776
6076.721023 7.688565
6076.723941 7.870051
6076.726817 8.055527
6076.729695 8.248047
6076.732614 8.450756
6076.735490 8.658207
6076.738368 8.873894
6076.741286 9.101287
6076.744163 9.334532
6076.747041 9.577333
6076.749959 9.833707
6076.752835 10.096987
6076.755713 10.371559
6076.758632 10.662020
6076.761508 10.960652
6076.764386 11.272557
6076.767304 11.602889
6076.770181 11.943262
6076.773059 12.299174
6076.775977 12.676686
6076.778853 13.066129
6076.781732 13.474255
6076.784650 13.907675
6076.787526 14.355490
6076.790404 14.825360
6076.793323 15.325497
6076.799077 16.386715
6076.801995 16.966328
6076.807750 18.200100
6076.810668 18.875675
6076.813544 19.577369
6076.816422 20.317558
6076.819341 21.109752
6076.822217 21.933886
6076.825095 22.804874
6076.828013 23.738456
6076.830890 24.712074
6076.833768 25.742403
6076.836686 26.848469
6076.839562 28.003127
6076.842441 29.227302
6076.845359 30.542232
6076.848235 31.915818
6076.851114 33.372575
6076.854032 34.937269
6076.856908 36.571004
6076.859786 38.301413
6076.862705 40.158526
6076.865581 42.092803
6076.868459 44.135742
6076.871236 46.211319
6076.874254 48.585114
6076.877132 50.963956
6076.880050 53.489665
6076.882926 56.088337
6076.885805 58.793461
6076.888723 61.633539
6076.891599 64.519285
6076.894478 67.480793
6076.897396 70.539777
6076.900272 73.591217
6076.903150 76.657903
6076.906069 79.755072
6076.908945 82.765126
6076.911823 85.706474
6076.914741 88.586198
6076.917618 91.296099
6076.920496 93.853135
6076.923414 96.266858
6076.926291 98.453461
6076.929169 100.436784
6076.932087 102.231459
6076.934963 103.783463
6076.937842 105.121185
6076.940760 106.259699
6076.943636 107.174213
6076.946515 107.893392
6076.949433 108.436395
6076.952309 108.806908
6076.955188 109.036490
6076.958105 109.151393
6076.960982 109.177503
6076.963860 109.147205
6076.966778 109.090143
6076.969655 109.037876
6076.972533 109.017329
6076.975451 109.054221
6076.981206 109.377464
6076.984124 109.697822
6076.987000 110.128519
6076.989879 110.678720
6076.992797 111.362117
6076.995673 112.165756
6076.998552 113.107555
6077.001470 114.203781
6077.004346 115.400349
6077.007224 116.645482
6077.010142 117.839518
6077.013019 118.815433
6077.015897 119.489890
6077.018815 119.831739
6077.021692 119.863175
6077.024570 119.645902
6077.027488 119.205780
6077.030365 118.547940
6077.033243 117.629800
6077.036053 116.439150
6077.039037 114.820623
6077.041916 112.898134
6077.044834 110.593643
6077.047710 107.994907
6077.050589 105.104022
6077.056383 98.590975
6077.059262 95.105641
6077.062179 91.468825
6077.065056 87.820407
6077.067934 84.147976
6077.073729 76.818749
6077.076607 73.267653
6077.079525 69.758527
6077.082401 66.407533
6077.085280 63.173573
6077.088197 60.029882
6077.091074 57.066827
6077.093953 54.241903
6077.096870 51.523734
6077.099747 48.983810
6077.102626 46.579614
6077.105543 44.279988
6077.108420 42.141453
6077.111299 40.124794
6077.114216 38.201420
6077.117093 36.416549
6077.119971 34.736351
6077.122889 33.134116
6077.125765 31.648787
6077.128644 30.249463
6077.131562 28.914934
6077.134438 27.676827
6077.137317 26.509217
6077.140234 25.394655
6077.143111 24.358427
6077.145990 23.380018
6077.148907 22.444465
6077.151784 21.573093
6077.154662 20.749074
6077.157580 19.959062
6077.160456 19.222277
6077.163335 18.523629
6077.166252 17.852888
6077.169129 17.225598
6077.172008 16.629750
6077.174925 16.056500
6077.177802 15.519262
6077.180681 15.007895
6077.183598 14.514904
6077.186475 14.051936
6077.192271 13.183830
6077.195149 12.782335
6077.198026 12.399064
6077.200943 12.027855
6077.203821 11.677792
6077.206699 11.342893
6077.209616 11.018065
6077.212494 10.711199
6077.215372 10.417121
6077.218289 10.131404
6077.221167 9.861038
6077.224044 9.601611
6077.226961 9.349072
6077.229840 9.109651
6077.232717 8.879655
6077.235634 8.655437
6077.238512 8.442634
6077.241390 8.237784
6077.244307 8.037880
6077.247185 7.847905
6077.250063 7.664796
6077.252979 7.485948
6077.255858 7.315661
6077.258735 7.151453
6077.261652 6.990777
6077.264530 6.837732
6077.267408 6.689898
6077.270325 6.545147
6077.273203 6.407143
6077.276081 6.273718
6077.277461 6.211310
6077.278998 6.142966
6077.281876 6.018206
6077.284753 5.897536
6077.286134 5.841004
6077.294807 5.505452
6077.303479 5.200973
6077.312152 4.924372
6077.320825 4.673015
6077.329497 4.444561
6077.338170 4.236692
6077.346843 4.047066
6077.355516 3.873130
6077.364188 3.712375
6077.372861 3.562703
6077.381534 3.422789
6077.390207 3.291643
6077.398879 3.167907
6077.407552 3.049442
6077.416225 2.933938
6077.424897 2.819881
6077.433570 2.707099
6077.442243 2.596555
6077.450915 2.489600
6077.459588 2.387359
6077.468261 2.290550
6077.476933 2.199427
6077.485606 2.113876
6077.494279 2.033690
6077.502952 1.958724
6077.511624 1.888971
6077.520297 1.824374
6077.528970 1.764611
6077.537642 1.708978
6077.546315 1.656549
6077.554988 1.606533
6077.563661 1.558478
6077.572333 1.512297
6077.581006 1.468111
6077.589679 1.426106
6077.598351 1.386402
6077.607024 1.349004
6077.615697 1.313826
6077.624369 1.280680
6077.633042 1.249272
6077.641715 1.219246
6077.650388 1.190238
6077.659060 1.161986
6077.667733 1.134410
6077.676406 1.107644
6077.685078 1.081955
6077.702424 1.034942
6077.711096 1.014074
6077.719769 0.995165
6077.728442 0.978320
6077.737115 0.963577
6077.745787 0.950889
6077.754460 0.940029
6077.763133 0.930525
6077.771805 0.921665
6077.780478 0.912648
6077.789151 0.902900
6077.806496 0.881182
6077.815169 0.869905
6077.823842 0.858501
6077.832514 0.846440
6077.841187 0.832800
6077.849860 0.816776
6077.858532 0.798196
6077.867205 0.777667
6077.875878 0.756259
