6076.095197 3.417574
6076.103870 5.251887
6076.112542 4.827600
6076.121215 2.765232
6076.129888 1.303307
6076.138560 0.697792
6076.147233 0.460759
6076.164578 0.313227
6076.173251 0.321888
6076.181924 0.411136
6076.190597 0.597570
6076.199269 0.754093
6076.207942 0.709064
6076.216615 0.535538
6076.225287 0.389115
6076.242633 0.238643
6076.251306 0.233608
6076.259978 0.268448
6076.268651 0.311059
6076.277323 0.314051
6076.285996 0.307851
6076.294669 0.332057
6076.303342 0.390469
6076.312014 0.500102
6076.346705 0.338402
6076.355378 0.301321
6076.364050 0.281128
6076.372723 0.303963
6076.381396 0.359037
6076.390068 0.418469
6076.398741 0.420600
6076.407414 0.352114
6076.416086 0.294557
6076.424759 0.280094
6076.433432 0.297999
6076.442105 0.360408
6076.450777 0.522255
6076.459450 0.779977
6076.468123 0.895877
6076.476795 0.783405
6076.485468 0.656868
6076.494141 0.533349
6076.502814 0.418431
6076.511486 0.362416
6076.520159 0.347846
6076.528832 0.351778
6076.537504 0.370115
6076.546177 0.414290
6076.554850 0.490723
6076.563522 0.543509
6076.572195 0.525607
6076.580868 0.499487
6076.589541 0.494544
6076.598213 0.487671
6076.606886 0.485457
6076.615559 0.496437
6076.624231 0.516193
6076.632904 0.540959
6076.641577 0.569754
6076.650249 0.602932
6076.658922 0.642065
6076.676267 0.766434
6076.684940 0.900063
6076.686332 0.928508
6076.689250 0.992101
6076.692126 1.055264
6076.693613 1.085703
6076.695004 1.111539
6076.697923 1.153966
6076.700799 1.176610
6076.703677 1.180244
6076.706596 1.169499
6076.709472 1.152741
6076.712350 1.138102
6076.715268 1.131575
6076.718144 1.135803
6076.721023 1.149594
6076.723941 1.169818
6076.726817 1.191660
6076.729695 1.212011
6076.732614 1.229546
6076.735490 1.244254
6076.738368 1.258237
6076.741286 1.273766
6076.744163 1.291839
6076.747041 1.313157
6076.749959 1.337907
6076.752835 1.365044
6076.755713 1.394754
6076.758632 1.427582
6076.761508 1.462784
6076.764386 1.501003
6076.767304 1.542848
6076.770181 1.587135
6076.773059 1.634491
6076.775977 1.685827
6076.778853 1.740086
6076.781732 1.798611
6076.784650 1.862990
6076.787526 1.932393
6076.790404 2.008946
6076.793323 2.095223
6076.799077 2.294918
6076.801995 2.410801
6076.807750 2.654576
6076.810668 2.776656
6076.813544 2.891187
6076.816422 2.999873
6076.819341 3.107376
6076.822217 3.216289
6076.825095 3.334512
6076.828013 3.469179
6076.830890 3.620106
6076.833768 3.791094
6076.836686 3.986019
6076.839562 4.200351
6076.842441 4.438335
6076.845359 4.705486
6076.848235 4.997108
6076.851114 5.320753
6076.854032 5.685734
6076.856908 6.087413
6076.859786 6.537844
6076.862705 7.052759
6076.865581 7.627704
6076.868459 8.283179
6076.871236 9.006847
6076.874254 9.916887
6076.877132 10.932226
6076.880050 12.145467
6076.882926 13.569961
6076.885805 15.287493
6076.888723 17.416201
6076.891599 20.020774
6076.894478 23.307170
6076.897396 27.588515
6076.900272 33.108149
6076.903150 40.435948
6076.906069 50.429048
6076.908945 63.691405
6076.911823 81.317530
6076.914741 104.350315
6076.917618 131.999319
6076.920496 162.928137
6076.923414 194.255150
6076.926291 220.938208
6076.929169 240.070533
6076.932087 250.589570
6076.934963 253.859421
6076.937842 253.878098
6076.940760 254.928880
6076.943636 259.318208
6076.946515 265.489619
6076.949433 268.171968
6076.952309 261.244916
6076.955188 242.020780
6076.958105 212.284091
6076.960982 178.340690
6076.963860 145.313891
6076.966778 116.377192
6076.969655 93.634043
6076.972533 76.408206
6076.975451 63.651462
6076.981206 48.368751
6076.984124 44.041780
6076.987000 41.364326
6076.989879 40.006474
6076.992797 39.878860
6076.995673 41.019447
6076.998552 43.580086
6077.001470 47.905483
6077.004346 54.257864
6077.007224 63.161999
6077.010142 75.309745
6077.013019 90.778423
6077.015897 109.786291
6077.018815 132.006860
6077.021692 155.175120
6077.024570 177.150376
6077.027488 195.793122
6077.030365 209.573136
6077.033243 219.659224
6077.036053 227.714745
6077.039037 235.688830
6077.041916 242.804261
6077.044834 248.787903
6077.047710 253.527106
6077.050589 258.140679
6077.056383 267.283094
6077.059262 265.919014
6077.062179 254.450712
6077.065056 231.562698
6077.067934 199.864633
6077.073729 130.667371
6077.076607 101.898362
6077.079525 78.653389
6077.082401 61.228095
6077.085280 48.269480
6077.088197 38.620577
6077.091074 31.600319
6077.093953 26.342442
6077.096870 22.294328
6077.099747 19.203462
6077.102626 16.761298
6077.105543 14.778554
6077.108420 13.189011
6077.111299 11.877458
6077.114216 10.768590
6077.117093 9.841716
6077.119971 9.040222
6077.122889 8.323919
6077.125765 7.690131
6077.128644 7.113478
6077.131562 6.580928
6077.134438 6.104497
6077.137317 5.674426
6077.140234 5.284429
6077.143111 4.941433
6077.145990 4.635064
6077.148907 4.357240
6077.151784 4.110680
6077.154662 3.887290
6077.157580 3.681157
6077.160456 3.495354
6077.163335 3.324448
6077.166252 3.164866
6077.169129 3.019369
6077.172008 2.884344
6077.174925 2.757228
6077.177802 2.640473
6077.180681 2.531397
6077.183598 2.428074
6077.186475 2.332630
6077.192271 2.157650
6077.195149 2.078418
6077.198026 2.003752
6077.200943 1.932316
6077.203821 1.865727
6077.206699 1.802715
6077.209616 1.742232
6077.212494 1.685658
6077.215372 1.631946
6077.218289 1.580227
6077.221167 1.531703
6077.224044 1.485518
6077.226961 1.440907
6077.229840 1.398926
6077.232717 1.358881
6077.235634 1.320107
6077.238512 1.283545
6077.241390 1.248567
6077.244307 1.214638
6077.247185 1.182578
6077.250063 1.151846
6077.252979 1.121989
6077.255858 1.093707
6077.258735 1.066569
6077.261652 1.040141
6077.264530 1.015085
6077.267408 0.990990
6077.270325 0.967502
6077.273203 0.945205
6077.276081 0.923739
6077.277461 0.913729
6077.278998 0.902791
6077.281876 0.882886
6077.284753 0.863714
6077.286134 0.854760
6077.294807 0.802019
6077.303479 0.754894
6077.312152 0.713019
6077.320825 0.676468
6077.329497 0.646310
6077.338170 0.626997
6077.346843 0.635137
6077.355516 0.702452
6077.364188 0.790691
6077.372861 0.755159
6077.381534 0.623279
6077.390207 0.535177
6077.398879 0.505778
6077.407552 0.527442
6077.416225 0.647835
6077.424897 0.874661
6077.433570 1.001838
6077.442243 0.925705
6077.450915 0.755210
6077.459588 0.557086
6077.468261 0.421635
6077.476933 0.359211
6077.485606 0.335471
6077.494279 0.329480
6077.502952 0.311109
6077.511624 0.262257
6077.520297 0.227568
6077.528970 0.232553
6077.537642 0.248525
6077.546315 0.272513
6077.554988 0.308422
6077.563661 0.314942
6077.572333 0.273198
6077.581006 0.230327
6077.589679 0.207804
6077.598351 0.196336
6077.607024 0.188972
6077.615697 0.183627
6077.624369 0.180015
6077.633042 0.179076
6077.641715 0.184608
6077.650388 0.206114
6077.659060 0.244721
6077.667733 0.259664
6077.676406 0.223948
6077.685078 0.180982
6077.702424 0.147661
6077.711096 0.141900
6077.719769 0.138120
6077.728442 0.135563
6077.737115 0.134127
6077.745787 0.134136
6077.754460 0.136620
6077.763133 0.144633
6077.771805 0.168359
6077.780478 0.233304
6077.789151 0.341787
6077.806496 0.306649
6077.815169 0.228744
6077.823842 0.221035
6077.832514 0.248849
6077.841187 0.297601
6077.849860 0.406671
6077.858532 0.480676
6077.867205 0.381434
6077.875878 0.235009
