6076.095197 2.777444
6076.103870 3.127144
6076.112542 2.868834
6076.121215 2.224441
6076.129888 1.601238
6076.138560 1.171670
6076.147233 0.913185
6076.164578 0.695360
6076.173251 0.679635
6076.181924 0.707397
6076.190597 0.751359
6076.199269 0.767884
6076.207942 0.733045
6076.216615 0.665071
6076.225287 0.595250
6076.242633 0.511362
6076.251306 0.503675
6076.259978 0.511601
6076.268651 0.523683
6076.277323 0.533870
6076.285996 0.547425
6076.294669 0.572081
6076.303342 0.611653
6076.312014 0.656888
6076.346705 0.599936
6076.355378 0.586905
6076.364050 0.589602
6076.372723 0.608016
6076.381396 0.634617
6076.390068 0.655504
6076.398741 0.659504
6076.407414 0.652060
6076.416086 0.650608
6076.424759 0.667896
6076.433432 0.710872
6076.442105 0.786178
6076.450777 0.890711
6076.459450 0.988829
6076.468123 1.029414
6076.476795 1.008373
6076.485468 0.959915
6076.494141 0.907640
6076.502814 0.867151
6076.511486 0.848289
6076.520159 0.850365
6076.528832 0.869174
6076.537504 0.902743
6076.546177 0.950100
6076.554850 1.004031
6076.563522 1.048859
6076.572195 1.077562
6076.580868 1.100267
6076.589541 1.126343
6076.598213 1.158113
6076.606886 1.197389
6076.615559 1.245522
6076.624231 1.302392
6076.632904 1.367664
6076.641577 1.441670
6076.650249 1.525729
6076.658922 1.622566
6076.676267 1.874668
6076.684940 2.035542
6076.686332 2.062482
6076.689250 2.118710
6076.692126 2.172758
6076.693613 2.199802
6076.695004 2.224406
6076.697923 2.273642
6076.700799 2.319019
6076.703677 2.361913
6076.706596 2.403963
6076.709472 2.445287
6076.712350 2.487780
6076.715268 2.532998
6076.718144 2.580217
6076.721023 2.630286
6076.723941 2.683802
6076.726817 2.739098
6076.729695 2.796847
6076.732614 2.857911
6076.735490 2.920716
6076.738368 2.986487
6076.741286 3.056518
6076.744163 3.129215
6076.747041 3.205885
6076.749959 3.287942
6076.752835 3.373350
6076.755713 3.463586
6076.758632 3.560263
6076.761508 3.660888
6076.764386 3.767239
6076.767304 3.881201
6076.770181 3.999998
6076.773059 4.125674
6076.775977 4.260591
6076.778853 4.401524
6076.781732 4.551153
6076.784650 4.712247
6076.787526 4.881066
6076.790404 5.060731
6076.793323 5.254641
6076.799077 5.673613
6076.801995 5.905441
6076.807750 6.401743
6076.810668 6.673813
6076.813544 6.956464
6076.816422 7.255281
6076.819341 7.577011
6076.822217 7.915337
6076.825095 8.278533
6076.828013 8.675770
6076.830890 9.099987
6076.833768 9.560832
6076.836686 10.069806
6076.839562 10.617363
6076.842441 11.216479
6076.845359 11.882009
6076.848235 12.602516
6076.851114 13.396252
6076.854032 14.284687
6076.856908 15.254594
6076.859786 16.332449
6076.862705 17.551790
6076.865581 18.896791
6076.868459 20.408476
6076.871236 22.050053
6076.874254 24.072960
6076.877132 26.274934
6076.880050 28.829949
6076.882926 31.725113
6076.885805 35.069106
6076.888723 39.000501
6076.891599 43.510765
6076.894478 48.774542
6076.897396 55.007885
6076.900272 62.175209
6076.903150 70.494698
6076.906069 80.201303
6076.908945 91.031518
6076.911823 103.014270
6076.914741 116.032095
6076.917618 129.226026
6076.920496 142.129458
6076.923414 154.193818
6076.926291 164.471983
6076.929169 172.767105
6076.932087 179.080466
6076.934963 183.468815
6076.937842 186.414038
6076.940760 188.190638
6076.943636 188.679876
6076.946515 187.481066
6076.949433 183.953649
6076.952309 177.829750
6076.955188 169.169835
6076.958105 158.418926
6076.960982 146.753835
6076.963860 134.935877
6076.966778 123.553376
6076.969655 113.416722
6076.972533 104.618637
6076.975451 97.164543
6076.981206 86.700547
6076.984124 83.406370
6076.987000 81.395790
6076.989879 80.574282
6076.992797 80.954381
6076.995673 82.559525
6076.998552 85.460498
6077.001470 89.810346
6077.004346 95.550803
6077.007224 102.733356
6077.010142 111.369122
6077.013019 120.993184
6077.015897 131.416433
6077.018815 142.430333
6077.021692 153.328691
6077.024570 163.840878
6077.027488 173.657912
6077.030365 182.117449
6077.033243 189.076305
6077.036053 194.252959
6077.039037 197.938080
6077.041916 199.769724
6077.044834 200.022469
6077.047710 198.814630
6077.050589 196.170310
6077.056383 185.627076
6077.059262 177.155839
6077.062179 166.228288
6077.065056 153.481297
6077.067934 139.456457
6077.073729 110.678560
6077.076607 97.484151
6077.079525 85.398568
6077.082401 74.894918
6077.085280 65.766383
6077.088197 57.827486
6077.091074 51.144621
6077.093953 45.442891
6077.096870 40.520607
6077.099747 36.374742
6077.102626 32.815670
6077.105543 29.711890
6077.108420 27.064008
6077.111299 24.757595
6077.114216 22.713949
6077.117093 20.940974
6077.119971 19.370521
6077.122889 17.953973
6077.125765 16.705546
6077.128644 15.582227
6077.131562 14.555777
6077.134438 13.640817
6077.137317 12.809715
6077.140234 12.044344
6077.143111 11.356682
6077.145990 10.728024
6077.148907 10.145147
6077.151784 9.617820
6077.154662 9.132507
6077.157580 8.679001
6077.160456 8.266075
6077.163335 7.883150
6077.166252 7.523150
6077.169129 7.193013
6077.172008 6.885094
6077.174925 6.593911
6077.177802 6.325394
6077.180681 6.073634
6077.183598 5.834363
6077.186475 5.612667
6077.192271 5.204578
6077.195149 5.019103
6077.198026 4.843920
6077.200943 4.675965
6077.203821 4.519095
6077.206699 4.370377
6077.209616 4.227379
6077.212494 4.093398
6077.215372 3.966000
6077.218289 3.843148
6077.221167 3.727724
6077.224044 3.617716
6077.226961 3.511326
6077.229840 3.411087
6077.232717 3.315362
6077.235634 3.222572
6077.238512 3.134986
6077.241390 3.051111
6077.244307 2.969673
6077.247185 2.892652
6077.250063 2.818759
6077.252979 2.746908
6077.255858 2.678792
6077.258735 2.613380
6077.261652 2.549634
6077.264530 2.489154
6077.267408 2.430955
6077.270325 2.374183
6077.273203 2.320255
6077.276081 2.268302
6077.277461 2.244065
6077.278998 2.217571
6077.281876 2.169338
6077.284753 2.122852
6077.286134 2.101133
6077.294807 1.973050
6077.303479 1.858336
6077.312152 1.755994
6077.320825 1.665779
6077.329497 1.588602
6077.338170 1.527344
6077.346843 1.486760
6077.355516 1.466161
6077.364188 1.444293
6077.372861 1.391297
6077.381534 1.313238
6077.390207 1.245383
6077.398879 1.211266
6077.407552 1.219812
6077.416225 1.264814
6077.424897 1.303967
6077.433570 1.284308
6077.442243 1.204332
6077.450915 1.096214
6077.459588 0.987306
6077.468261 0.896512
6077.476933 0.829374
6077.485606 0.780535
6077.494279 0.740526
6077.502952 0.700112
6077.511624 0.658366
6077.520297 0.625825
6077.528970 0.609551
6077.537642 0.604547
6077.546315 0.603573
6077.554988 0.598915
6077.563661 0.582270
6077.572333 0.554714
6077.581006 0.525774
6077.589679 0.501567
6077.598351 0.482451
6077.607024 0.467134
6077.615697 0.454818
6077.624369 0.445475
6077.633042 0.439815
6077.641715 0.438934
6077.650388 0.442281
6077.659060 0.444068
6077.667733 0.435578
6077.676406 0.415992
6077.685078 0.393580
6077.702424 0.360857
6077.711096 0.350411
6077.719769 0.342554
6077.728442 0.336896
6077.737115 0.333567
6077.745787 0.333276
6077.754460 0.337616
6077.763133 0.349579
6077.771805 0.373185
6077.780478 0.408147
6077.789151 0.439302
6077.806496 0.422517
6077.815169 0.401679
6077.823842 0.398237
6077.832514 0.413056
6077.841187 0.442545
6077.849860 0.471800
6077.858532 0.468783
6077.867205 0.423286
6077.875878 0.365698
