6076.095197 1.766544
6076.103870 1.770144
6076.112542 1.736946
6076.121215 1.677314
6076.129888 1.604557
6076.138560 1.530584
6076.147233 1.463504
6076.164578 1.362943
6076.173251 1.328852
6076.181924 1.302653
6076.190597 1.281810
6076.199269 1.264458
6076.207942 1.249772
6076.216615 1.237869
6076.225287 1.229390
6076.242633 1.225194
6076.251306 1.229979
6076.259978 1.239181
6076.268651 1.252500
6076.277323 1.269610
6076.285996 1.290124
6076.294669 1.313405
6076.303342 1.338426
6076.312014 1.363851
6076.346705 1.458985
6076.355378 1.484889
6076.364050 1.513597
6076.372723 1.545372
6076.381396 1.580212
6076.390068 1.618194
6076.398741 1.659661
6076.407414 1.705131
6076.416086 1.755026
6076.424759 1.809301
6076.433432 1.867113
6076.442105 1.926806
6076.450777 1.986306
6076.459450 2.043928
6076.468123 2.099102
6076.476795 2.152658
6076.485468 2.206483
6076.494141 2.262843
6076.502814 2.323815
6076.511486 2.390973
6076.520159 2.465319
6076.528832 2.547299
6076.537504 2.636930
6076.546177 2.733983
6076.554850 2.838107
6076.563522 2.949158
6076.572195 3.067491
6076.580868 3.193962
6076.589541 3.329847
6076.598213 3.476586
6076.606886 3.635695
6076.615559 3.808627
6076.624231 3.996848
6076.632904 4.201954
6076.641577 4.425577
6076.650249 4.669417
6076.658922 4.935277
6076.676267 5.539835
6076.684940 5.882386
6076.686332 5.940105
6076.689250 6.063700
6076.692126 6.189080
6076.693613 6.255346
6076.695004 6.318248
6076.697923 6.453224
6076.700799 6.590315
6076.703677 6.731792
6076.706596 6.879905
6076.709472 7.030635
6076.712350 7.186499
6076.715268 7.349949
6076.718144 7.516679
6076.721023 7.689489
6076.723941 7.870997
6076.726817 8.056496
6076.729695 8.249039
6076.732614 8.451772
6076.735490 8.659248
6076.738368 8.874960
6076.741286 9.102380
6076.744163 9.335653
6076.747041 9.578481
6076.749959 9.834885
6076.752835 10.098196
6076.755713 10.372799
6076.758632 10.663292
6076.761508 10.961958
6076.764386 11.273897
6076.767304 11.604265
6076.770181 11.944676
6076.773059 12.300625
6076.775977 12.678178
6076.778853 13.067662
6076.781732 13.475831
6076.784650 13.909295
6076.787526 14.357156
6076.790404 14.827074
6076.793323 15.327260
6076.799077 16.388581
6076.801995 16.968249
6076.807750 18.202136
6076.810668 18.877772
6076.813544 19.579529
6076.816422 20.319782
6076.819341 21.112043
6076.822217 21.936244
6076.825095 22.807302
6076.828013 23.740956
6076.830890 24.714647
6076.833768 25.745049
6076.836686 26.851190
6076.839562 28.005921
6076.842441 29.230170
6076.845359 30.545174
6076.848235 31.918831
6076.851114 33.375656
6076.854032 34.940416
6076.856908 36.574212
6076.859786 38.304675
6076.862705 40.161835
6076.865581 42.096149
6076.868459 44.139114
6076.871236 46.214703
6076.874254 48.588495
6076.877132 50.967316
6076.880050 53.492983
6076.882926 56.091591
6076.885805 58.796627
6076.888723 61.636591
6076.891599 64.522198
6076.894478 67.483541
6076.897396 70.542333
6076.900272 73.593560
6076.903150 76.660015
6076.906069 79.756936
6076.908945 82.766741
6076.911823 85.707840
6076.914741 88.587323
6076.917618 91.297007
6076.920496 93.853854
6076.923414 96.267421
6076.926291 98.453911
6076.929169 100.437165
6076.932087 102.231816
6076.934963 103.783841
6076.937842 105.121630
6076.940760 106.260258
6076.943636 107.174926
6076.946515 107.894301
6076.949433 108.437540
6076.952309 108.808320
6076.955188 109.038195
6076.958105 109.153417
6076.960982 109.179852
6076.963860 109.149884
6076.966778 109.093149
6076.969655 109.041189
6076.972533 109.020925
6076.975451 109.058073
6076.981206 109.381697
6076.984124 109.702175
6076.987000 110.132936
6076.989879 110.683143
6076.992797 111.366484
6076.995673 112.170005
6076.998552 113.111625
6077.001470 114.207615
6077.004346 115.403908
6077.007224 116.648727
6077.010142 117.842405
6077.013019 118.817924
6077.015897 119.491939
6077.018815 119.833307
6077.021692 119.864260
6077.024570 119.646523
6077.027488 119.205967
6077.030365 118.547745
6077.033243 117.629271
6077.036053 116.438348
6077.039037 114.819592
6077.041916 112.896944
6077.044834 110.592356
6077.047710 107.993586
6077.050589 105.102725
6077.056383 98.589880
6077.059262 95.104710
6077.062179 91.468094
6077.065056 87.819896
6077.067934 84.147700
6077.073729 76.818958
6077.076607 73.268096
6077.079525 69.759194
6077.082401 66.408405
6077.085280 63.174632
6077.088197 60.031109
6077.091074 57.068200
6077.093953 54.243402
6077.096870 51.525340
6077.099747 48.985504
6077.102626 46.581378
6077.105543 44.281807
6077.108420 42.143313
6077.111299 40.126682
6077.114216 38.203326
6077.117093 36.418462
6077.119971 34.738264
6077.122889 33.136022
6077.125765 31.650680
6077.128644 30.251337
6077.131562 28.916786
6077.134438 27.678653
6077.137317 26.511015
6077.140234 25.396422
6077.143111 24.360162
6077.145990 23.381719
6077.148907 22.446133
6077.151784 21.574726
6077.154662 20.750671
6077.157580 19.960624
6077.160456 19.223804
6077.163335 18.525121
6077.166252 17.854346
6077.169129 17.227022
6077.172008 16.631140
6077.174925 16.057857
6077.177802 15.520587
6077.180681 15.009189
6077.183598 14.516167
6077.186475 14.053168
6077.192271 13.185005
6077.195149 12.783482
6077.198026 12.400183
6077.200943 12.028948
6077.203821 11.678859
6077.206699 11.343936
6077.209616 11.019084
6077.212494 10.712194
6077.215372 10.418093
6077.218289 10.132354
6077.221167 9.861966
6077.224044 9.602519
6077.226961 9.349959
6077.229840 9.110519
6077.232717 8.880504
6077.235634 8.656268
6077.238512 8.443446
6077.241390 8.238579
6077.244307 8.038658
6077.247185 7.848666
6077.250063 7.665542
6077.252979 7.486679
6077.255858 7.316377
6077.258735 7.152154
6077.261652 6.991463
6077.264530 6.838405
6077.267408 6.690557
6077.270325 6.545794
6077.273203 6.407777
6077.276081 6.274340
6077.277461 6.211926
6077.278998 6.143575
6077.281876 6.018804
6077.284753 5.898123
6077.286134 5.841586
6077.294807 5.506002
6077.303479 5.201494
6077.312152 4.924865
6077.320825 4.673483
6077.329497 4.445005
6077.338170 4.237113
6077.346843 4.047465
6077.355516 3.873509
6077.364188 3.712736
6077.372861 3.563047
6077.381534 3.423117
6077.390207 3.291955
6077.398879 3.168202
6077.407552 3.049721
6077.416225 2.934202
6077.424897 2.820132
6077.433570 2.707339
6077.442243 2.596786
6077.450915 2.489825
6077.459588 2.387579
6077.468261 2.290765
6077.476933 2.199636
6077.485606 2.114080
6077.494279 2.033888
6077.502952 1.958917
6077.511624 1.889159
6077.520297 1.824555
6077.528970 1.764786
6077.537642 1.709147
6077.546315 1.656711
6077.554988 1.606690
6077.563661 1.558629
6077.572333 1.512443
6077.581006 1.468254
6077.589679 1.426244
6077.598351 1.386536
6077.607024 1.349134
6077.615697 1.313952
6077.624369 1.280802
6077.633042 1.249389
6077.641715 1.219359
6077.650388 1.190347
6077.659060 1.162093
6077.667733 1.134514
6077.676406 1.107745
6077.685078 1.082054
6077.702424 1.035036
6077.711096 1.014165
6077.719769 0.995253
6077.728442 0.978405
6077.737115 0.963659
6077.745787 0.950966
6077.754460 0.940101
6077.763133 0.930593
6077.771805 0.921728
6077.780478 0.912706
6077.789151 0.902955
6077.806496 0.881231
6077.815169 0.869950
6077.823842 0.858544
6077.832514 0.846480
6077.841187 0.832839
6077.849860 0.816814
6077.858532 0.798235
6077.867205 0.777707
6077.875878 0.756301
