6076.095197 3.409677
6076.103870 5.236892
6076.112542 4.813653
6076.121215 2.758446
6076.129888 1.300577
6076.138560 0.696388
6076.147233 0.459890
6076.164578 0.312856
6076.173251 0.321749
6076.181924 0.411335
6076.190597 0.598001
6076.199269 0.754269
6076.207942 0.708900
6076.216615 0.535368
6076.225287 0.388995
6076.242633 0.238610
6076.251306 0.233664
6076.259978 0.268662
6076.268651 0.311385
6076.277323 0.314344
6076.285996 0.308008
6076.294669 0.332106
6076.303342 0.390524
6076.312014 0.500093
6076.346705 0.338238
6076.355378 0.301191
6076.364050 0.281094
6076.372723 0.304038
6076.381396 0.359317
6076.390068 0.418993
6076.398741 0.421150
6076.407414 0.352464
6076.416086 0.294688
6076.424759 0.280123
6076.433432 0.298038
6076.442105 0.360585
6076.450777 0.522710
6076.459450 0.780583
6076.468123 0.896453
6076.476795 0.783889
6076.485468 0.657035
6076.494141 0.533340
6076.502814 0.418382
6076.511486 0.362310
6076.520159 0.347702
6076.528832 0.351618
6076.537504 0.369962
6076.546177 0.414159
6076.554850 0.490586
6076.563522 0.543380
6076.572195 0.525564
6076.580868 0.499475
6076.589541 0.494486
6076.598213 0.487532
6076.606886 0.485235
6076.615559 0.496160
6076.624231 0.515885
6076.632904 0.540629
6076.641577 0.569406
6076.650249 0.602571
6076.658922 0.641698
6076.676267 0.766162
6076.684940 0.899951
6076.686332 0.928421
6076.689250 0.992052
6076.692126 1.055232
6076.693613 1.085671
6076.695004 1.111502
6076.697923 1.153910
6076.700799 1.176531
6076.703677 1.180141
6076.706596 1.169368
6076.709472 1.152574
6076.712350 1.137887
6076.715268 1.131295
6076.718144 1.135446
6076.721023 1.149157
6076.723941 1.169301
6076.726817 1.191073
6076.729695 1.211368
6076.732614 1.228861
6076.735490 1.243536
6076.738368 1.257490
6076.741286 1.272986
6076.744163 1.291022
6076.747041 1.312304
6076.749959 1.337022
6076.752835 1.364133
6076.755713 1.393823
6076.758632 1.426635
6076.761508 1.461820
6076.764386 1.500019
6076.767304 1.541840
6076.770181 1.586102
6076.773059 1.633430
6076.775977 1.684736
6076.778853 1.738965
6076.781732 1.797459
6076.784650 1.861807
6076.787526 1.931180
6076.790404 2.007705
6076.793323 2.093954
6076.799077 2.293576
6076.801995 2.409404
6076.807750 2.653029
6076.810668 2.775025
6076.813544 2.889478
6076.816422 2.998091
6076.819341 3.105521
6076.822217 3.214353
6076.825095 3.332477
6076.828013 3.467025
6076.830890 3.617817
6076.833768 3.788659
6076.836686 3.983425
6076.839562 4.197593
6076.842441 4.435402
6076.845359 4.702365
6076.848235 4.993788
6076.851114 5.317216
6076.854032 5.681956
6076.856908 6.083375
6076.859786 6.533518
6076.862705 7.048109
6076.865581 7.622700
6076.868459 8.277777
6076.871236 9.001018
6076.874254 9.910535
6076.877132 10.925312
6076.880050 12.137909
6076.882926 13.561684
6076.885805 15.278399
6076.888723 17.406165
6076.891599 20.009673
6076.894478 23.294832
6076.897396 27.574669
6076.900272 33.092402
6076.903150 40.417516
6076.906069 50.406287
6076.908945 63.661248
6076.911823 81.274281
6076.914741 104.284523
6076.917618 131.899502
6076.920496 162.783614
6076.923414 194.061686
6076.926291 220.704672
6076.929169 239.815585
6076.932087 250.335775
6076.934963 253.623795
6076.937842 253.664175
6076.940760 254.724209
6076.943636 259.100721
6076.946515 265.242781
6076.949433 267.898006
6076.952309 260.967692
6076.955188 241.771233
6076.958105 212.084433
6076.960982 178.194651
6076.963860 145.212889
6076.966778 116.308179
6076.969655 93.584296
6076.972533 76.369081
6076.975451 63.617789
6076.981206 48.338948
6076.984124 44.012659
6076.987000 41.335609
6076.989879 39.978018
6076.992797 39.850547
6076.995673 40.991114
6076.998552 43.551463
6077.001470 47.876059
6077.004346 54.226666
6077.007224 63.127082
6077.010142 75.267354
6077.013019 90.722608
6077.015897 109.708639
6077.018815 131.897791
6077.021692 155.029240
6077.024570 176.969864
6077.027488 195.589142
6077.030365 209.361068
6077.033243 219.448260
6077.036053 227.504087
6077.039037 235.472203
6077.041916 242.579470
6077.044834 248.559891
6077.047710 253.302155
6077.050589 257.917024
6077.056383 267.027863
6077.059262 265.645916
6077.062179 254.182475
6077.065056 231.329576
6077.067934 199.686790
6077.073729 130.593801
6077.076607 101.855522
6077.079525 78.628322
6077.082401 61.211772
6077.085280 48.257100
6077.088197 38.609916
6077.091074 31.590500
6077.093953 26.333231
6077.096870 22.285711
6077.099747 19.195455
6077.102626 16.753913
6077.105543 14.771787
6077.108420 13.182821
6077.111299 11.871795
6077.114216 10.763397
6077.117093 9.836927
6077.119971 9.035785
6077.122889 8.319804
6077.125765 7.686311
6077.128644 7.109936
6077.131562 6.577647
6077.134438 6.101444
6077.137317 5.671570
6077.140234 5.281742
6077.143111 4.938890
6077.145990 4.632648
6077.148907 4.354943
6077.151784 4.108494
6077.154662 3.885209
6077.157580 3.679177
6077.160456 3.493468
6077.163335 3.322650
6077.166252 3.163153
6077.169129 3.017735
6077.172008 2.882782
6077.174925 2.755735
6077.177802 2.639045
6077.180681 2.530029
6077.183598 2.426764
6077.186475 2.331373
6077.192271 2.156490
6077.195149 2.077303
6077.198026 2.002678
6077.200943 1.931283
6077.203821 1.864732
6077.206699 1.801755
6077.209616 1.741306
6077.212494 1.684763
6077.215372 1.631082
6077.218289 1.579392
6077.221167 1.530896
6077.224044 1.484736
6077.226961 1.440150
6077.229840 1.398193
6077.232717 1.358171
6077.235634 1.319419
6077.238512 1.282878
6077.241390 1.247919
6077.244307 1.214009
6077.247185 1.181967
6077.250063 1.151253
6077.252979 1.121413
6077.255858 1.093147
6077.258735 1.066024
6077.261652 1.039611
6077.264530 1.014569
6077.267408 0.990488
6077.270325 0.967014
6077.273203 0.944730
6077.276081 0.923275
6077.277461 0.913271
6077.278998 0.902339
6077.281876 0.882446
6077.284753 0.863285
6077.286134 0.854337
6077.294807 0.801627
6077.303479 0.754530
6077.312152 0.712683
6077.320825 0.676159
6077.329497 0.646033
6077.338170 0.626768
6077.346843 0.634998
6077.355516 0.702408
6077.364188 0.790636
6077.372861 0.755132
6077.381534 0.623277
6077.390207 0.535102
6077.398879 0.505665
6077.407552 0.527343
6077.416225 0.647732
6077.424897 0.874534
6077.433570 1.001998
6077.442243 0.926030
6077.450915 0.755329
6077.459588 0.557118
6077.468261 0.421606
6077.476933 0.359123
6077.485606 0.335331
6077.494279 0.329249
6077.502952 0.310770
6077.511624 0.261867
6077.520297 0.227199
6077.528970 0.232300
6077.537642 0.248434
6077.546315 0.272595
6077.554988 0.308657
6077.563661 0.315210
6077.572333 0.273370
6077.581006 0.230379
6077.589679 0.207792
6077.598351 0.196301
6077.607024 0.188932
6077.615697 0.183590
6077.624369 0.179987
6077.633042 0.179068
6077.641715 0.184651
6077.650388 0.206270
6077.659060 0.245016
6077.667733 0.259997
6077.676406 0.224188
6077.685078 0.181093
6077.702424 0.147664
6077.711096 0.141894
6077.719769 0.138113
6077.728442 0.135559
6077.737115 0.134130
6077.745787 0.134153
6077.754460 0.136660
6077.763133 0.144723
6077.771805 0.168578
6077.780478 0.233812
6077.789151 0.342646
6077.806496 0.307392
6077.815169 0.229253
6077.823842 0.221505
6077.832514 0.249425
6077.841187 0.298430
6077.849860 0.407878
6077.858532 0.482019
6077.867205 0.382477
6077.875878 0.235587
