6076.095197 3.324241
6076.103870 6.618113
6076.112542 6.285393
6076.121215 2.906514
6076.129888 0.947647
6076.138560 0.399434
6076.147233 0.244606
6076.164578 0.159971
6076.173251 0.169314
6076.181924 0.263064
6076.190597 0.526933
6076.199269 0.811813
6076.207942 0.766998
6076.216615 0.496815
6076.225287 0.310636
6076.242633 0.131061
6076.251306 0.126531
6076.259978 0.177019
6076.268651 0.252182
6076.277323 0.248735
6076.285996 0.218221
6076.294669 0.246000
6076.303342 0.305956
6076.312014 0.463682
6076.346705 0.258274
6076.355378 0.207140
6076.364050 0.164935
6076.372723 0.189217
6076.381396 0.260095
6076.390068 0.353877
6076.398741 0.374033
6076.407414 0.258780
6076.416086 0.166001
6076.424759 0.142463
6076.433432 0.149518
6076.442105 0.189967
6076.450777 0.351776
6076.459450 0.726305
6076.468123 0.933996
6076.476795 0.727409
6076.485468 0.565880
6076.494141 0.420015
6076.502814 0.256353
6076.511486 0.188671
6076.520159 0.174760
6076.528832 0.175762
6076.537504 0.186697
6076.546177 0.226183
6076.554850 0.323492
6076.563522 0.398148
6076.572195 0.348827
6076.580868 0.296109
6076.589541 0.290119
6076.598213 0.268434
6076.606886 0.248102
6076.615559 0.247622
6076.624231 0.256433
6076.632904 0.268494
6076.641577 0.282668
6076.650249 0.299044
6076.658922 0.318405
6076.676267 0.386608
6076.684940 0.501810
6076.686332 0.532733
6076.689250 0.608672
6076.692126 0.691973
6076.693613 0.734252
6076.695004 0.770762
6076.697923 0.829646
6076.700799 0.854080
6076.703677 0.841599
6076.706596 0.799119
6076.709472 0.743740
6076.712350 0.692124
6076.715268 0.656638
6076.718144 0.643425
6076.721023 0.649549
6076.723941 0.667831
6076.726817 0.688176
6076.729695 0.702792
6076.732614 0.707789
6076.735490 0.704133
6076.738368 0.696502
6076.741286 0.689948
6076.744163 0.687899
6076.747041 0.690766
6076.749959 0.697380
6076.752835 0.705979
6076.755713 0.715886
6076.758632 0.727455
6076.761508 0.740950
6076.764386 0.756918
6076.767304 0.775509
6076.770181 0.795771
6076.773059 0.817576
6076.775977 0.841196
6076.778853 0.866297
6076.781732 0.893839
6076.784650 0.925037
6076.787526 0.960094
6076.790404 1.000990
6076.793323 1.050595
6076.799077 1.181588
6076.801995 1.266185
6076.807750 1.447030
6076.810668 1.527246
6076.813544 1.587866
6076.816422 1.628734
6076.819341 1.655590
6076.822217 1.677721
6076.825095 1.705839
6076.828013 1.747806
6076.830890 1.805577
6076.833768 1.879644
6076.836686 1.969949
6076.839562 2.072587
6076.842441 2.188268
6076.845359 2.318970
6076.848235 2.462037
6076.851114 2.621018
6076.854032 2.800455
6076.856908 2.998082
6076.859786 3.219883
6076.862705 3.473710
6076.865581 3.757527
6076.868459 4.081698
6076.871236 4.440465
6076.874254 4.893159
6076.877132 5.400612
6076.880050 6.010885
6076.882926 6.733891
6076.885805 7.616727
6076.888723 8.731059
6076.891599 10.130671
6076.894478 11.963752
6076.897396 14.481712
6076.900272 17.970623
6076.903150 23.052483
6076.906069 30.810840
6076.908945 42.482603
6076.911823 60.103629
6076.914741 86.104592
6076.917618 120.854317
6076.920496 163.350051
6076.923414 209.476211
6076.926291 250.424282
6076.929169 279.480172
6076.932087 292.937702
6076.934963 292.485978
6076.937842 285.710204
6076.940760 281.913547
6076.943636 287.588047
6076.946515 301.520457
6076.949433 314.477704
6076.952309 313.352788
6076.955188 290.726889
6076.958105 248.257488
6076.960982 197.066322
6076.963860 147.464136
6076.966778 105.889651
6076.969655 75.637574
6076.972533 54.948184
6076.975451 41.337875
6076.981206 27.503270
6076.984124 24.140049
6076.987000 22.184617
6076.989879 21.234772
6076.992797 21.163494
6076.995673 21.987076
6076.998552 23.855478
6077.001470 27.156586
6077.004346 32.394685
6077.007224 40.543017
6077.010142 53.055091
6077.013019 70.903285
6077.015897 94.989209
6077.018815 125.034309
6077.021692 157.192792
6077.024570 186.851112
6077.027488 209.236642
6077.030365 221.884764
6077.033243 228.033586
6077.036053 232.929405
6077.039037 241.004668
6077.041916 251.640567
6077.044834 262.649767
6077.047710 272.160691
6077.050589 281.863164
6077.056383 308.775674
6077.059262 317.879432
6077.062179 311.739085
6077.065056 284.852668
6077.067934 240.480506
6077.073729 138.183407
6077.076607 97.519152
6077.079525 67.113761
6077.082401 46.606515
6077.085280 33.142408
6077.088197 24.367648
6077.091074 18.747428
6077.093953 14.973823
6077.096870 12.311141
6077.099747 10.406947
6077.102626 8.973083
6077.105543 7.852203
6077.108420 6.983682
6077.111299 6.292139
6077.114216 5.729827
6077.117093 5.275733
6077.119971 4.887969
6077.122889 4.532559
6077.125765 4.198341
6077.128644 3.870987
6077.131562 3.549459
6077.134438 3.252051
6077.137317 2.983049
6077.140234 2.744761
6077.143111 2.543011
6077.145990 2.369987
6077.148907 2.218500
6077.151784 2.087452
6077.154662 1.970641
6077.157580 1.863905
6077.160456 1.768251
6077.163335 1.680571
6077.166252 1.598892
6077.169129 1.524551
6077.172008 1.455653
6077.174925 1.390864
6077.177802 1.331416
6077.180681 1.275925
6077.183598 1.223404
6077.186475 1.174922
6077.192271 1.086123
6077.195149 1.045951
6077.198026 1.008112
6077.200943 0.971930
6077.203821 0.938217
6077.206699 0.906330
6077.209616 0.875735
6077.212494 0.847128
6077.215372 0.819978
6077.218289 0.793846
6077.221167 0.769335
6077.224044 0.746014
6077.226961 0.723494
6077.229840 0.702308
6077.232717 0.682104
6077.235634 0.662547
6077.238512 0.644110
6077.241390 0.626476
6077.244307 0.609374
6077.247185 0.593219
6077.250063 0.577736
6077.252979 0.562696
6077.255858 0.548453
6077.258735 0.534788
6077.261652 0.521483
6077.264530 0.508871
6077.267408 0.496745
6077.270325 0.484926
6077.273203 0.473709
6077.276081 0.462910
6077.277461 0.457875
6077.278998 0.452374
6077.281876 0.442364
6077.284753 0.432724
6077.286134 0.428222
6077.294807 0.401712
6077.303479 0.378035
6077.312152 0.357011
6077.320825 0.338692
6077.329497 0.323712
6077.338170 0.315310
6077.346843 0.332580
6077.355516 0.437360
6077.364188 0.601943
6077.372861 0.564831
6077.381534 0.378605
6077.390207 0.283473
6077.398879 0.258908
6077.407552 0.269740
6077.416225 0.385467
6077.424897 0.707170
6077.433570 0.958402
6077.442243 0.889813
6077.450915 0.684798
6077.459588 0.406184
6077.468261 0.238232
6077.476933 0.185218
6077.485606 0.175000
6077.494279 0.189105
6077.502952 0.187543
6077.511624 0.126176
6077.520297 0.085497
6077.528970 0.104253
6077.537642 0.124842
6077.546315 0.152680
6077.554988 0.214137
6077.563661 0.242591
6077.572333 0.183496
6077.581006 0.126317
6077.589679 0.105582
6077.598351 0.098479
6077.607024 0.094543
6077.615697 0.091784
6077.624369 0.089944
6077.633042 0.089570
6077.641715 0.093904
6077.650388 0.117727
6077.659060 0.180271
6077.667733 0.220341
6077.676406 0.167399
6077.685078 0.105093
6077.702424 0.074253
6077.711096 0.071036
6077.719769 0.069036
6077.728442 0.067705
6077.737115 0.066950
6077.745787 0.066922
6077.754460 0.068146
6077.763133 0.072371
6077.771805 0.088076
6077.780478 0.153747
6077.789151 0.315649
6077.806496 0.280487
6077.815169 0.152946
6077.823842 0.149309
6077.832514 0.191958
6077.841187 0.229153
6077.849860 0.376129
6077.858532 0.536692
6077.867205 0.399139
6077.875878 0.177943
