6076.095197 3.332469
6076.103870 6.638039
6076.112542 6.304009
6076.121215 2.913511
6076.129888 0.950013
6076.138560 0.400757
6076.147233 0.245466
6076.164578 0.160421
6076.173251 0.169586
6076.181924 0.262904
6076.190597 0.526161
6076.199269 0.811217
6076.207942 0.767076
6076.216615 0.496987
6076.225287 0.310804
6076.242633 0.131217
6076.251306 0.126608
6076.259978 0.176831
6076.268651 0.251715
6076.277323 0.248309
6076.285996 0.218078
6076.294669 0.246045
6076.303342 0.305929
6076.312014 0.463656
6076.346705 0.258612
6076.355378 0.207430
6076.364050 0.165116
6076.372723 0.189302
6076.381396 0.259894
6076.390068 0.353165
6076.398741 0.373179
6076.407414 0.258341
6076.416086 0.166006
6076.424759 0.142635
6076.433432 0.149714
6076.442105 0.190065
6076.450777 0.351462
6076.459450 0.725468
6076.468123 0.932983
6076.476795 0.726594
6076.485468 0.565717
6076.494141 0.420127
6076.502814 0.256546
6076.511486 0.188969
6076.520159 0.175098
6076.528832 0.176115
6076.537504 0.187051
6076.546177 0.226506
6076.554850 0.323785
6076.563522 0.398377
6076.572195 0.348937
6076.580868 0.296224
6076.589541 0.290285
6076.598213 0.268726
6076.606886 0.248543
6076.615559 0.248143
6076.624231 0.256994
6076.632904 0.269088
6076.641577 0.283294
6076.650249 0.299702
6076.658922 0.319097
6076.676267 0.387291
6076.684940 0.502262
6076.686332 0.533130
6076.689250 0.608954
6076.692126 0.692160
6076.693613 0.734403
6076.695004 0.770889
6076.697923 0.829748
6076.700799 0.854190
6076.703677 0.841745
6076.706596 0.799334
6076.709472 0.744055
6076.712350 0.692567
6076.715268 0.657226
6076.718144 0.644154
6076.721023 0.650406
6076.723941 0.668800
6076.726817 0.689234
6076.729695 0.703916
6076.732614 0.708959
6076.735490 0.705341
6076.738368 0.697756
6076.741286 0.691261
6076.744163 0.689282
6076.747041 0.692221
6076.749959 0.698897
6076.752835 0.707540
6076.755713 0.717477
6076.758632 0.729070
6076.761508 0.742591
6076.764386 0.758591
6076.767304 0.777224
6076.770181 0.797533
6076.773059 0.819389
6076.775977 0.843065
6076.778853 0.868224
6076.781732 0.895826
6076.784650 0.927086
6076.787526 0.962203
6076.790404 1.003153
6076.793323 1.052807
6076.799077 1.183890
6076.801995 1.268550
6076.807750 1.449593
6076.810668 1.529936
6076.813544 1.590683
6076.816422 1.631680
6076.819341 1.658677
6076.822217 1.680969
6076.825095 1.709279
6076.828013 1.751470
6076.830890 1.809481
6076.833768 1.883798
6076.836686 1.974365
6076.839562 2.077271
6076.842441 2.193235
6076.845359 2.324246
6076.848235 2.467644
6076.851114 2.626989
6076.854032 2.806833
6076.856908 3.004906
6076.859786 3.227204
6076.862705 3.481596
6076.865581 3.766040
6076.868459 4.090919
6076.871236 4.450463
6076.874254 4.904121
6076.877132 5.412634
6076.880050 6.024150
6076.882926 6.748580
6076.885805 7.633076
6076.888723 8.749368
6076.891599 10.151221
6076.894478 11.986858
6076.897396 14.507682
6076.900272 17.999546
6076.903150 23.084280
6076.906069 30.845398
6076.908945 42.520477
6076.911823 60.148164
6076.914741 86.165164
6076.917618 120.947292
6076.920496 163.495620
6076.923414 209.688593
6076.926291 250.696843
6076.929169 279.785188
6076.932087 293.234884
6076.934963 292.741160
6076.937842 285.912608
6076.940760 282.084300
6076.943636 287.773290
6076.946515 301.763011
6076.949433 314.786723
6076.952309 313.689139
6076.955188 291.030168
6076.958105 248.483532
6076.960982 197.210873
6076.963860 147.549269
6076.966778 105.943332
6076.969655 75.680881
6076.972533 54.991087
6076.975451 41.383070
6076.981206 27.550467
6076.984124 24.186733
6076.987000 22.230492
6076.989879 21.279966
6076.992797 21.208389
6076.995673 22.032136
6076.998552 23.901001
6077.001470 27.202482
6077.004346 32.440500
6077.007224 40.588682
6077.010142 53.102672
6077.013019 70.959302
6077.015897 95.066241
6077.018815 125.149799
6077.021692 157.359664
6077.024570 187.067897
6077.027488 209.481815
6077.030365 222.127047
6077.033243 228.255684
6077.036053 233.138899
6077.039037 241.222844
6077.041916 251.879438
6077.044834 262.899405
6077.047710 272.399904
6077.050589 282.085388
6077.056383 309.038776
6077.059262 318.189329
6077.062179 312.063302
6077.065056 285.133961
6077.067934 240.678563
6077.073729 138.235567
6077.076607 97.542276
6077.079525 67.129126
6077.082401 46.623895
6077.085280 33.163559
6077.088197 24.391030
6077.091074 18.770988
6077.093953 14.996195
6077.096870 12.331657
6077.099747 10.425473
6077.102626 8.989696
6077.105543 7.867048
6077.108420 6.996973
6077.111299 6.304064
6077.114216 5.740559
6077.117093 5.285462
6077.119971 4.896845
6077.122889 4.540688
6077.125765 4.205820
6077.128644 3.877888
6077.131562 3.555851
6077.134438 3.258020
6077.137317 2.988666
6077.140234 2.750078
6077.143111 2.548067
6077.145990 2.374798
6077.148907 2.223073
6077.151784 2.091797
6077.154662 1.974768
6077.157580 1.867824
6077.160456 1.771977
6077.163335 1.684117
6077.166252 1.602270
6077.169129 1.527773
6077.172008 1.458731
6077.174925 1.393806
6077.177802 1.334232
6077.180681 1.278624
6077.183598 1.225991
6077.186475 1.177407
6077.192271 1.088419
6077.195149 1.048161
6077.198026 1.010242
6077.200943 0.973982
6077.203821 0.940198
6077.206699 0.908242
6077.209616 0.877582
6077.212494 0.848914
6077.215372 0.821706
6077.218289 0.795518
6077.221167 0.770955
6077.224044 0.747583
6077.226961 0.725015
6077.229840 0.703784
6077.232717 0.683537
6077.235634 0.663938
6077.238512 0.645461
6077.241390 0.627790
6077.244307 0.610651
6077.247185 0.594461
6077.250063 0.578945
6077.252979 0.563873
6077.255858 0.549599
6077.258735 0.535905
6077.261652 0.522572
6077.264530 0.509933
6077.267408 0.497781
6077.270325 0.485936
6077.273203 0.474694
6077.276081 0.463873
6077.277461 0.458827
6077.278998 0.453314
6077.281876 0.443282
6077.284753 0.433621
6077.286134 0.429110
6077.294807 0.402542
6077.303479 0.378813
6077.312152 0.357741
6077.320825 0.339379
6077.329497 0.324357
6077.338170 0.315904
6077.346843 0.333056
6077.355516 0.437616
6077.364188 0.602116
6077.372861 0.564974
6077.381534 0.378818
6077.390207 0.283849
6077.398879 0.259330
6077.407552 0.270140
6077.416225 0.385792
6077.424897 0.707448
6077.433570 0.958251
6077.442243 0.889329
6077.450915 0.684693
6077.459588 0.406268
6077.468261 0.238468
6077.476933 0.185523
6077.485606 0.175330
6077.494279 0.189529
6077.502952 0.188129
6077.511624 0.126851
6077.520297 0.086152
6077.528970 0.104718
6077.537642 0.125095
6077.546315 0.152724
6077.554988 0.213895
6077.563661 0.242231
6077.572333 0.183322
6077.581006 0.126378
6077.589679 0.105733
6077.598351 0.098645
6077.607024 0.094708
6077.615697 0.091944
6077.624369 0.090096
6077.633042 0.089709
6077.641715 0.094004
6077.650388 0.117686
6077.659060 0.179951
6077.667733 0.219871
6077.676406 0.167106
6077.685078 0.105061
6077.702424 0.074360
6077.711096 0.071145
6077.719769 0.069145
6077.728442 0.067809
6077.737115 0.067049
6077.745787 0.067015
6077.754460 0.068228
6077.763133 0.072429
6077.771805 0.088044
6077.780478 0.153362
6077.789151 0.314586
6077.806496 0.279539
6077.815169 0.152544
6077.823842 0.148967
6077.832514 0.191450
6077.841187 0.228381
6077.849860 0.374694
6077.858532 0.534737
6077.867205 0.397647
6077.875878 0.177362
