6076.095197 2.778759
6076.103870 3.128808
6076.112542 2.870377
6076.121215 2.225538
6076.129888 1.601921
6076.138560 1.172090
6076.147233 0.913455
6076.164578 0.695473
6076.173251 0.679698
6076.181924 0.707428
6076.190597 0.751386
6076.199269 0.767926
6076.207942 0.733096
6076.216615 0.665117
6076.225287 0.595282
6076.242633 0.511364
6076.251306 0.503664
6076.259978 0.511578
6076.268651 0.523657
6076.277323 0.533846
6076.285996 0.547408
6076.294669 0.572072
6076.303342 0.611651
6076.312014 0.656897
6076.346705 0.599938
6076.355378 0.586900
6076.364050 0.589585
6076.372723 0.607983
6076.381396 0.634570
6076.390068 0.655447
6076.398741 0.659448
6076.407414 0.652011
6076.416086 0.650565
6076.424759 0.667854
6076.433432 0.710823
6076.442105 0.786115
6076.450777 0.890643
6076.459450 0.988772
6076.468123 1.029371
6076.476795 1.008343
6076.485468 0.959898
6076.494141 0.907632
6076.502814 0.867146
6076.511486 0.848287
6076.520159 0.850366
6076.528832 0.869178
6076.537504 0.902747
6076.546177 0.950106
6076.554850 1.004041
6076.563522 1.048870
6076.572195 1.077570
6076.580868 1.100271
6076.589541 1.126350
6076.598213 1.158126
6076.606886 1.197407
6076.615559 1.245546
6076.624231 1.302419
6076.632904 1.367693
6076.641577 1.441701
6076.650249 1.525759
6076.658922 1.622592
6076.676267 1.874678
6076.684940 2.035549
6076.686332 2.062491
6076.689250 2.118720
6076.692126 2.172772
6076.693613 2.199817
6076.695004 2.224424
6076.697923 2.273663
6076.700799 2.319043
6076.703677 2.361940
6076.706596 2.403994
6076.709472 2.445321
6076.712350 2.487818
6076.715268 2.533041
6076.718144 2.580265
6076.721023 2.630340
6076.723941 2.683863
6076.726817 2.739164
6076.729695 2.796919
6076.732614 2.857989
6076.735490 2.920797
6076.738368 2.986573
6076.741286 3.056608
6076.744163 3.129309
6076.747041 3.205981
6076.749959 3.288042
6076.752835 3.373453
6076.755713 3.463692
6076.758632 3.560372
6076.761508 3.661000
6076.764386 3.767354
6076.767304 3.881319
6076.770181 4.000120
6076.773059 4.125799
6076.775977 4.260720
6076.778853 4.401657
6076.781732 4.551290
6076.784650 4.712389
6076.787526 4.881213
6076.790404 5.060884
6076.793323 5.254801
6076.799077 5.673789
6076.801995 5.905627
6076.807750 6.401952
6076.810668 6.674033
6076.813544 6.956696
6076.816422 7.255525
6076.819341 7.577268
6076.822217 7.915608
6076.825095 8.278818
6076.828013 8.676072
6076.830890 9.100308
6076.833768 9.561174
6076.836686 10.070173
6076.839562 10.617758
6076.842441 11.216905
6076.845359 11.882469
6076.848235 12.603014
6076.851114 13.396793
6076.854032 14.285278
6076.856908 15.255240
6076.859786 16.333158
6076.862705 17.552574
6076.865581 18.897660
6076.868459 20.409446
6076.871236 22.051138
6076.874254 24.074195
6076.877132 26.276344
6076.880050 28.831577
6076.882926 31.727007
6076.885805 35.071334
6076.888723 39.003161
6076.891599 43.513974
6076.894478 48.778463
6076.897396 55.012754
6076.900272 62.181306
6076.903150 70.502405
6076.906069 80.211131
6076.908945 91.044000
6076.911823 103.030000
6076.914741 116.051653
6076.917618 129.249671
6076.920496 142.157162
6076.923414 154.225208
6076.926291 164.506256
6076.929169 172.803366
6076.932087 179.117903
6076.934963 183.506877
6076.937842 186.452575
6076.940760 188.229757
6076.943636 188.719593
6076.946515 187.521011
6076.949433 183.992928
6076.952309 177.867167
6076.955188 169.204230
6076.958105 158.449450
6076.960982 146.780249
6076.963860 134.958336
6076.966778 123.572281
6076.969655 113.432702
6076.972533 104.632276
6076.975451 97.176350
6076.981206 86.710012
6076.984124 83.415142
6076.987000 81.404130
6076.989879 80.582409
6076.992797 80.962503
6076.995673 82.567866
6076.998552 85.469325
6077.001470 89.820015
6077.004346 95.561736
6077.007224 102.746050
6077.010142 111.384122
6077.013019 121.010924
6077.015897 131.437296
6077.018815 142.454652
6077.021692 153.356565
6077.024570 163.872252
6077.027488 173.692529
6077.030365 182.154739
6077.033243 189.115615
6077.036053 194.293569
6077.039037 197.979368
6077.041916 199.811076
6077.044834 200.063474
6077.047710 198.855114
6077.050589 196.210244
6077.056383 185.665314
6077.059262 177.192247
6077.062179 166.261797
6077.065056 153.511000
6077.067934 139.481778
6077.073729 110.695189
6077.076607 97.497192
6077.079525 85.408638
6077.082401 74.902686
6077.085280 65.772383
6077.088197 57.832134
6077.091074 51.148269
6077.093953 45.445788
6077.096870 40.522930
6077.099747 36.376636
6077.102626 32.817233
6077.105543 29.713194
6077.108420 27.065110
6077.111299 24.758538
6077.114216 22.714763
6077.117093 20.941683
6077.119971 19.371145
6077.122889 17.954523
6077.125765 16.706035
6077.128644 15.582661
6077.131562 14.556165
6077.134438 13.641164
6077.137317 12.810026
6077.140234 12.044624
6077.143111 11.356935
6077.145990 10.728255
6077.148907 10.145356
6077.151784 9.618012
6077.154662 9.132684
6077.157580 8.679163
6077.160456 8.266225
6077.163335 7.883288
6077.166252 7.523279
6077.169129 7.193132
6077.172008 6.885204
6077.174925 6.594013
6077.177802 6.325490
6077.180681 6.073723
6077.183598 5.834446
6077.186475 5.612745
6077.192271 5.204646
6077.195149 5.019166
6077.198026 4.843979
6077.200943 4.676020
6077.203821 4.519147
6077.206699 4.370425
6077.209616 4.227424
6077.212494 4.093441
6077.215372 3.966040
6077.218289 3.843185
6077.221167 3.727758
6077.224044 3.617749
6077.226961 3.511357
6077.229840 3.411115
6077.232717 3.315388
6077.235634 3.222596
6077.238512 3.135009
6077.241390 3.051132
6077.244307 2.969692
6077.247185 2.892671
6077.250063 2.818776
6077.252979 2.746923
6077.255858 2.678806
6077.258735 2.613393
6077.261652 2.549646
6077.264530 2.489165
6077.267408 2.430964
6077.270325 2.374192
6077.273203 2.320262
6077.276081 2.268309
6077.277461 2.244072
6077.278998 2.217577
6077.281876 2.169343
6077.284753 2.122856
6077.286134 2.101136
6077.294807 1.973051
6077.303479 1.858334
6077.312152 1.755990
6077.320825 1.665770
6077.329497 1.588589
6077.338170 1.527325
6077.346843 1.486736
6077.355516 1.466136
6077.364188 1.444271
6077.372861 1.391273
6077.381534 1.313207
6077.390207 1.245352
6077.398879 1.211240
6077.407552 1.219795
6077.416225 1.264807
6077.424897 1.303952
6077.433570 1.284268
6077.442243 1.204284
6077.450915 1.096175
6077.459588 0.987275
6077.468261 0.896486
6077.476933 0.829355
6077.485606 0.780525
6077.494279 0.740527
6077.502952 0.700122
6077.511624 0.658379
6077.520297 0.625835
6077.528970 0.609550
6077.537642 0.604530
6077.546315 0.603541
6077.554988 0.598874
6077.563661 0.582229
6077.572333 0.554677
6077.581006 0.525744
6077.589679 0.501542
6077.598351 0.482428
6077.607024 0.467112
6077.615697 0.454795
6077.624369 0.445449
6077.633042 0.439785
6077.641715 0.438895
6077.650388 0.442235
6077.659060 0.444017
6077.667733 0.435528
6077.676406 0.415948
6077.685078 0.393543
6077.702424 0.360829
6077.711096 0.350384
6077.719769 0.342527
6077.728442 0.336868
6077.737115 0.333535
6077.745787 0.333239
6077.754460 0.337569
6077.763133 0.349517
6077.771805 0.373101
6077.780478 0.408038
6077.789151 0.439176
6077.806496 0.422395
6077.815169 0.401562
6077.823842 0.398115
6077.832514 0.412920
6077.841187 0.442388
6077.849860 0.471631
6077.858532 0.468622
6077.867205 0.423150
6077.875878 0.365591
