6076.095197 2.685622
6076.103870 3.031198
6076.112542 2.775794
6076.121215 2.140920
6076.129888 1.531477
6076.138560 1.115896
6076.147233 0.868970
6076.164578 0.666946
6076.173251 0.657617
6076.181924 0.691791
6076.190597 0.740915
6076.199269 0.759132
6076.207942 0.722745
6076.216615 0.652518
6076.225287 0.581308
6076.242633 0.497589
6076.251306 0.491340
6076.259978 0.501071
6076.268651 0.514154
6076.277323 0.523879
6076.285996 0.536291
6076.294669 0.560207
6076.303342 0.599889
6076.312014 0.645758
6076.346705 0.585082
6076.355378 0.571784
6076.364050 0.575140
6076.372723 0.595276
6076.381396 0.624274
6076.390068 0.646779
6076.398741 0.650003
6076.407414 0.639810
6076.416086 0.635602
6076.424759 0.651324
6076.433432 0.694219
6076.442105 0.771250
6076.450777 0.879239
6076.459450 0.980484
6076.468123 1.020858
6076.476795 0.996229
6076.485468 0.943210
6076.494141 0.886862
6076.502814 0.843212
6076.511486 0.822159
6076.520159 0.822734
6076.528832 0.840446
6076.537504 0.873257
6076.546177 0.920232
6076.554850 0.973925
6076.563522 1.018086
6076.572195 1.045423
6076.580868 1.066283
6076.589541 1.090101
6076.598213 1.119214
6076.606886 1.155743
6076.615559 1.201265
6076.624231 1.255619
6076.632904 1.318355
6076.641577 1.389739
6076.650249 1.471081
6076.658922 1.565175
6076.676267 1.812711
6076.684940 1.972064
6076.686332 1.998735
6076.689250 2.054286
6076.692126 2.107448
6076.693613 2.133922
6076.695004 2.157916
6076.697923 2.205607
6076.700799 2.249108
6076.703677 2.289806
6076.706596 2.329369
6076.709472 2.368064
6076.712350 2.407826
6076.715268 2.450234
6076.718144 2.494671
6076.721023 2.541953
6076.723941 2.592628
6076.726817 2.645085
6076.729695 2.699934
6076.732614 2.757983
6076.735490 2.817736
6076.738368 2.880374
6076.741286 2.947148
6076.744163 3.016556
6076.747041 3.089858
6076.749959 3.168417
6076.752835 3.250277
6076.755713 3.336850
6076.758632 3.429679
6076.761508 3.526364
6076.764386 3.628606
6076.767304 3.738213
6076.770181 3.852518
6076.773059 3.973486
6076.775977 4.103400
6076.778853 4.239162
6076.781732 4.383367
6076.784650 4.538700
6076.787526 4.701567
6076.790404 4.874987
6076.793323 5.062244
6076.799077 5.466997
6076.801995 5.690938
6076.807750 6.169960
6076.810668 6.432216
6076.813544 6.704394
6076.816422 6.991873
6076.819341 7.301174
6076.822217 7.626297
6076.825095 7.975289
6076.828013 8.357061
6076.830890 8.764915
6076.833768 9.208190
6076.836686 9.698005
6076.839562 10.225205
6076.842441 10.802310
6076.845359 11.443663
6076.848235 12.138281
6076.851114 12.903808
6076.854032 13.761029
6076.856908 14.697280
6076.859786 15.738241
6076.862705 16.916490
6076.865581 18.216960
6076.868459 19.679607
6076.871236 21.269159
6076.874254 23.229732
6076.877132 25.366104
6076.880050 27.847961
6076.882926 30.664074
6076.885805 33.921834
6076.888723 37.758739
6076.891599 42.169635
6076.894478 47.329374
6076.897396 53.455624
6076.900272 60.520573
6076.903150 68.747756
6076.906069 78.380658
6076.908945 89.169002
6076.911823 101.151246
6076.914741 114.218113
6076.917618 127.508442
6076.920496 140.544560
6076.923414 152.759230
6076.926291 163.176702
6076.929169 171.581875
6076.932087 177.965890
6076.934963 182.386223
6076.937842 185.342506
6076.940760 187.132976
6076.943636 187.654480
6076.946515 186.500166
6076.949433 182.999732
6076.952309 176.847382
6076.955188 168.083342
6076.958105 157.157043
6076.960982 145.278985
6076.963860 133.242553
6076.966778 121.660066
6076.969655 111.361295
6076.972533 102.438414
6076.975451 94.891352
6076.981206 84.312113
6076.984124 80.978746
6076.987000 78.934596
6076.989879 78.081110
6076.992797 78.428704
6076.995673 80.001076
6076.998552 82.868105
6077.001470 87.181695
6077.004346 92.884482
6077.007224 100.030052
6077.010142 108.636189
6077.013019 118.248459
6077.015897 128.684232
6077.018815 139.735300
6077.021692 150.686916
6077.024570 161.259943
6077.027488 171.142581
6077.030365 179.675031
6077.033243 186.725029
6077.036053 192.017992
6077.039037 195.861801
6077.041916 197.879679
6077.044834 198.348376
6077.047710 197.372772
6077.050589 194.971610
6077.056383 184.887555
6077.059262 176.580517
6077.062179 165.743810
6077.065056 153.005419
6077.067934 138.921836
6077.073729 109.931266
6077.076607 96.636577
6077.079525 84.474359
6077.082401 73.924362
6077.085280 64.776952
6077.088197 56.842291
6077.091074 50.181000
6077.093953 44.512829
6077.096870 39.632207
6077.099747 35.531520
6077.102626 32.019205
6077.105543 28.962605
6077.108420 26.359903
6077.111299 24.096632
6077.114216 22.094150
6077.117093 20.359048
6077.119971 18.823713
6077.122889 17.439985
6077.125765 16.221288
6077.128644 15.125302
6077.131562 14.124294
6077.134438 13.232404
6077.137317 12.422614
6077.140234 11.677215
6077.143111 11.007823
6077.145990 10.396170
6077.148907 9.829339
6077.151784 9.316772
6077.154662 8.845255
6077.157580 8.404823
6077.160456 8.003951
6077.163335 7.632328
6077.166252 7.283060
6077.169129 6.962852
6077.172008 6.664266
6077.174925 6.381971
6077.177802 6.121703
6077.180681 5.877720
6077.183598 5.645880
6077.186475 5.431101
6077.192271 5.035824
6077.195149 4.856203
6077.198026 4.686570
6077.200943 4.523951
6077.203821 4.372080
6077.206699 4.228113
6077.209616 4.089694
6077.212494 3.960014
6077.215372 3.836714
6077.218289 3.717822
6077.221167 3.606125
6077.224044 3.499677
6077.226961 3.396734
6077.229840 3.299749
6077.232717 3.207135
6077.235634 3.117366
6077.238512 3.032636
6077.241390 2.951499
6077.244307 2.872723
6077.247185 2.798224
6077.250063 2.726752
6077.252979 2.657259
6077.255858 2.591381
6077.258735 2.528122
6077.261652 2.466476
6077.264530 2.407991
6077.267408 2.351715
6077.270325 2.296822
6077.273203 2.244680
6077.276081 2.194452
6077.277461 2.171021
6077.278998 2.145408
6077.281876 2.098782
6077.284753 2.053849
6077.286134 2.032856
6077.294807 1.909082
6077.303479 1.798278
6077.312152 1.699507
6077.320825 1.612586
6077.329497 1.538529
6077.338170 1.480413
6077.346843 1.443320
6077.355516 1.426642
6077.364188 1.408203
6077.372861 1.356809
6077.381534 1.278687
6077.390207 1.210451
6077.398879 1.176385
6077.407552 1.185945
6077.416225 1.234659
6077.424897 1.281195
6077.433570 1.268224
6077.442243 1.189379
6077.450915 1.078536
6077.459588 0.966683
6077.468261 0.874194
6077.476933 0.806504
6077.485606 0.757702
6077.494279 0.717835
6077.502952 0.677312
6077.511624 0.635354
6077.520297 0.603421
6077.528970 0.589119
6077.537642 0.586915
6077.546315 0.588884
6077.554988 0.586541
6077.563661 0.570661
6077.572333 0.542492
6077.581006 0.512721
6077.589679 0.488142
6077.598351 0.469082
6077.607024 0.454070
6077.615697 0.442214
6077.624369 0.433493
6077.633042 0.428719
6077.641715 0.429169
6077.650388 0.434324
6077.659060 0.437767
6077.667733 0.429719
6077.676406 0.409265
6077.685078 0.385690
6077.702424 0.352003
6077.711096 0.341599
6077.719769 0.333948
6077.728442 0.328611
6077.737115 0.325723
6077.745787 0.326051
6077.754460 0.331338
6077.763133 0.344909
6077.771805 0.371332
6077.780478 0.410476
6077.789151 0.445531
6077.806496 0.427586
6077.815169 0.404877
6077.823842 0.401575
6077.832514 0.418466
6077.841187 0.451673
6077.849860 0.484874
6077.858532 0.482368
6077.867205 0.432707
6077.875878 0.369829
