6076.095197 1.717261
6076.103870 1.720286
6076.112542 1.685990
6076.121215 1.625272
6076.129888 1.551981
6076.138560 1.478319
6076.147233 1.412387
6076.164578 1.315751
6076.173251 1.283841
6076.181924 1.259582
6076.190597 1.240230
6076.199269 1.223848
6076.207942 1.209668
6076.216615 1.197956
6076.225287 1.189507
6076.242633 1.185270
6076.251306 1.190014
6076.259978 1.199121
6076.268651 1.212265
6076.277323 1.229132
6076.285996 1.249366
6076.294669 1.272360
6076.303342 1.297067
6076.312014 1.322083
6076.346705 1.413928
6076.355378 1.438896
6076.364050 1.466706
6076.372723 1.497560
6076.381396 1.531371
6076.390068 1.568166
6076.398741 1.608309
6076.407414 1.652405
6076.416086 1.700975
6076.424759 1.754031
6076.433432 1.810692
6076.442105 1.869154
6076.450777 1.927125
6076.459450 1.982725
6076.468123 2.035309
6076.476795 2.085781
6076.485468 2.136191
6076.494141 2.188977
6076.502814 2.246350
6076.511486 2.309948
6076.520159 2.380779
6076.528832 2.459250
6076.537504 2.545312
6076.546177 2.638645
6076.554850 2.738804
6076.563522 2.845565
6076.572195 2.959234
6076.580868 3.080660
6076.589541 3.211129
6076.598213 3.352096
6076.606886 3.505080
6076.615559 3.671518
6076.624231 3.852849
6076.632904 4.050634
6076.641577 4.266458
6076.650249 4.501960
6076.658922 4.758853
6076.676267 5.342996
6076.684940 5.673678
6076.686332 5.729367
6076.689250 5.848585
6076.692126 5.969487
6076.693613 6.033371
6076.695004 6.094005
6076.697923 6.224085
6076.700799 6.356171
6076.703677 6.492460
6076.706596 6.635121
6076.709472 6.780290
6076.712350 6.930398
6076.715268 7.087812
6076.718144 7.248390
6076.721023 7.414836
6076.723941 7.589680
6076.726817 7.768390
6076.729695 7.953914
6076.732614 8.149290
6076.735490 8.349274
6076.738368 8.557237
6076.741286 8.776532
6076.744163 9.001520
6076.747041 9.235775
6076.749959 9.483182
6076.752835 9.737314
6076.755713 10.002406
6076.758632 10.282905
6076.761508 10.571367
6076.764386 10.872722
6076.767304 11.191963
6076.770181 11.520992
6076.773059 11.865131
6076.775977 12.230254
6076.778853 12.607018
6076.781732 13.001968
6076.784650 13.421514
6076.787526 13.855122
6076.790404 14.310221
6076.793323 14.794785
6076.799077 15.823471
6076.801995 16.385606
6076.807750 17.582866
6076.810668 18.238855
6076.813544 18.920520
6076.816422 19.639937
6076.819341 20.410316
6076.822217 21.212223
6076.825095 22.060256
6076.828013 22.969857
6076.830890 23.919171
6076.833768 24.924578
6076.836686 26.004822
6076.839562 27.133568
6076.842441 28.331452
6076.845359 29.619517
6076.848235 30.966576
6076.851114 32.396930
6076.854032 33.935271
6076.856908 35.543725
6076.859786 37.249866
6076.862705 39.083823
6076.865581 40.997178
6076.868459 43.021571
6076.871236 45.082047
6076.874254 47.443183
6076.877132 49.814252
6076.880050 52.337043
6076.882926 54.938368
6076.885805 57.652225
6076.888723 60.507850
6076.891599 63.415838
6076.894478 66.406594
6076.897396 69.502164
6076.900272 72.595958
6076.903150 75.710338
6076.906069 78.859881
6076.908945 81.923633
6076.911823 84.918593
6076.914741 87.850058
6076.917618 90.605900
6076.920496 93.201570
6076.923414 95.645057
6076.926291 97.850374
6076.929169 99.841058
6076.932087 101.631278
6076.934963 103.167179
6076.937842 104.477369
6076.940760 105.576667
6076.943636 106.441799
6076.946515 107.101413
6076.949433 107.574472
6076.952309 107.867684
6076.955188 108.012987
6076.958105 108.037284
6076.960982 107.970987
6076.963860 107.847516
6076.966778 107.697671
6076.969655 107.557953
6076.972533 107.456154
6076.975451 107.419108
6076.981206 107.628495
6076.984124 107.910376
6076.987000 108.317559
6076.989879 108.859730
6076.992797 109.551861
6076.995673 110.381226
6076.998552 111.365139
6077.001470 112.518568
6077.004346 113.782962
6077.007224 115.105767
6077.010142 116.389875
6077.013019 117.468938
6077.015897 118.262294
6077.018815 118.737370
6077.021692 118.905106
6077.024570 118.821082
6077.027488 118.507581
6077.030365 117.964236
6077.033243 117.149898
6077.036053 116.049674
6077.039037 114.514119
6077.041916 112.657525
6077.044834 110.404501
6077.047710 107.840818
6077.050589 104.969460
6077.056383 98.451704
6077.059262 94.945234
6077.062179 91.277150
6077.065056 87.590605
6077.067934 83.875212
6077.073729 76.453738
6077.076607 72.857680
6077.079525 69.305485
6077.082401 65.915522
6077.085280 62.646689
6077.088197 59.472287
6077.091074 56.483657
6077.093953 53.637803
6077.096870 50.903003
6077.099747 48.350910
6077.102626 45.938404
6077.105543 43.633923
6077.108420 41.493716
6077.111299 39.478097
6077.114216 37.558164
6077.117093 35.778691
6077.119971 34.105565
6077.122889 32.511916
6077.125765 31.036182
6077.128644 29.647365
6077.131562 28.324205
6077.134438 27.097839
6077.137317 25.942369
6077.140234 24.840373
6077.143111 23.816695
6077.145990 22.850909
6077.148907 21.928138
6077.151784 21.069300
6077.154662 20.257696
6077.157580 19.480104
6077.160456 18.755362
6077.163335 18.068545
6077.166252 17.409541
6077.169129 16.793564
6077.172008 16.208763
6077.174925 15.646421
6077.177802 15.119654
6077.180681 14.618477
6077.183598 14.135517
6077.186475 13.682152
6077.192271 12.832538
6077.195149 12.439807
6077.198026 12.065027
6077.200943 11.702160
6077.203821 11.360068
6077.206699 11.032890
6077.209616 10.715640
6077.212494 10.416013
6077.215372 10.128945
6077.218289 9.850108
6077.221167 9.586314
6077.224044 9.333250
6077.226961 9.086959
6077.229840 8.853508
6077.232717 8.629294
6077.235634 8.410754
6077.238512 8.203379
6077.241390 8.003790
6077.244307 7.809053
6077.247185 7.624019
6077.250063 7.445703
6077.252979 7.271561
6077.255858 7.105783
6077.258735 6.945948
6077.261652 6.789572
6077.264530 6.640645
6077.267408 6.496808
6077.270325 6.355994
6077.273203 6.221760
6077.276081 6.091997
6077.277461 6.031309
6077.278998 5.964853
6077.281876 5.843552
6077.284753 5.726243
6077.286134 5.671293
6077.294807 5.345214
6077.303479 5.049483
6077.312152 4.780993
6077.320825 4.537194
6077.329497 4.315819
6077.338170 4.114606
6077.346843 3.931234
6077.355516 3.763130
6077.364188 3.607749
6077.372861 3.463025
6077.381534 3.327777
6077.390207 3.201258
6077.398879 3.082290
6077.407552 2.968697
6077.416225 2.857865
6077.424897 2.747887
6077.433570 2.638346
6077.442243 2.530252
6077.450915 2.425188
6077.459588 2.324546
6077.468261 2.229235
6077.476933 2.139605
6077.485606 2.055570
6077.494279 1.976927
6077.502952 1.903545
6077.511624 1.835460
6077.520297 1.772654
6077.528970 1.714800
6077.537642 1.661115
6077.546315 1.610557
6077.554988 1.562244
6077.563661 1.515693
6077.572333 1.470852
6077.581006 1.427904
6077.589679 1.387094
6077.598351 1.348586
6077.607024 1.312404
6077.615697 1.278469
6077.624369 1.246585
6077.633042 1.216430
6077.641715 1.187607
6077.650388 1.159702
6077.659060 1.132419
6077.667733 1.105673
6077.676406 1.079635
6077.685078 1.054625
6077.702424 1.009035
6077.711096 0.988980
6077.719769 0.970984
6077.728442 0.955172
6077.737115 0.941601
6077.745787 0.930238
6077.754460 0.920846
6077.763133 0.912907
6077.771805 0.905602
6077.780478 0.898006
6077.789151 0.889452
6077.806496 0.869546
6077.815169 0.859091
6077.823842 0.848526
6077.832514 0.837237
6077.841187 0.824128
6077.849860 0.808232
6077.858532 0.789337
6077.867205 0.768160
6077.875878 0.745962
