6076.095197 3.279036
6076.103870 5.035975
6076.112542 4.630526
6076.121215 2.652000
6076.129888 1.242512
6076.138560 0.660598
6076.147233 0.435696
6076.164578 0.299505
6076.173251 0.312540
6076.181924 0.408675
6076.190597 0.602809
6076.199269 0.759212
6076.207942 0.707710
6076.216615 0.530562
6076.225287 0.383226
6076.242633 0.233037
6076.251306 0.229699
6076.259978 0.268183
6076.268651 0.313980
6076.277323 0.316095
6076.285996 0.306536
6076.294669 0.328731
6076.303342 0.387418
6076.312014 0.497629
6076.346705 0.331175
6076.355378 0.294177
6076.364050 0.275015
6076.372723 0.299916
6076.381396 0.359518
6076.390068 0.424807
6076.398741 0.427845
6076.407414 0.353934
6076.416086 0.290866
6076.424759 0.273950
6076.433432 0.291463
6076.442105 0.355603
6076.450777 0.523029
6076.459450 0.787935
6076.468123 0.906139
6076.476795 0.788982
6076.485468 0.655064
6076.494141 0.527139
6076.502814 0.409729
6076.511486 0.352102
6076.520159 0.336752
6076.528832 0.340241
6076.537504 0.358383
6076.546177 0.402867
6076.554850 0.480026
6076.563522 0.533640
6076.572195 0.516114
6076.580868 0.489461
6076.589541 0.483382
6076.598213 0.474332
6076.606886 0.469782
6076.615559 0.479153
6076.624231 0.497764
6076.632904 0.521495
6076.641577 0.549243
6076.650249 0.581339
6076.658922 0.619385
6076.676267 0.742919
6076.684940 0.878849
6076.686332 0.907839
6076.689250 0.972563
6076.692126 1.036653
6076.693613 1.067430
6076.695004 1.093469
6076.697923 1.135907
6076.700799 1.157964
6076.703677 1.160417
6076.706596 1.147943
6076.709472 1.129094
6076.712350 1.112165
6076.715268 1.103302
6076.718144 1.105360
6076.721023 1.117182
6076.723941 1.135624
6076.726817 1.155887
6076.729695 1.174780
6076.732614 1.190889
6076.735490 1.204178
6076.738368 1.216679
6076.741286 1.230634
6076.744163 1.247121
6076.747041 1.266880
6076.749959 1.290125
6076.752835 1.315863
6076.755713 1.344233
6076.758632 1.375710
6076.761508 1.409535
6076.764386 1.446292
6076.767304 1.486548
6076.770181 1.529160
6076.773059 1.574734
6076.775977 1.624157
6076.778853 1.676432
6076.781732 1.732880
6076.784650 1.795078
6076.787526 1.862275
6076.790404 1.936584
6076.793323 2.020553
6076.799077 2.215455
6076.801995 2.328623
6076.807750 2.566049
6076.810668 2.684324
6076.813544 2.794708
6076.816422 2.898830
6076.819341 3.001233
6076.822217 3.104613
6076.825095 3.216773
6076.828013 3.344777
6076.830890 3.488657
6076.833768 3.652135
6076.836686 3.838942
6076.839562 4.044703
6076.842441 4.273432
6076.845359 4.530387
6076.848235 4.811018
6076.851114 5.122572
6076.854032 5.474015
6076.856908 5.860892
6076.859786 6.294834
6076.862705 6.791038
6076.865581 7.345270
6076.868459 7.977367
6076.871236 8.675534
6076.874254 9.553986
6076.877132 10.534748
6076.880050 11.707636
6076.882926 13.086143
6076.885805 14.750284
6076.888723 16.815971
6076.891599 19.348122
6076.894478 22.550166
6076.897396 26.732333
6076.900272 32.139396
6076.903150 39.338613
6076.906069 49.183098
6076.908945 62.276330
6076.911823 79.699992
6076.914741 102.476619
6076.917618 129.811380
6076.920496 160.382249
6076.923414 191.366932
6076.926291 217.821826
6076.929169 236.896351
6076.932087 247.530147
6076.934963 251.016211
6076.937842 251.232925
6076.940760 252.335135
6076.943636 256.579431
6076.946515 262.503615
6076.949433 265.026419
6076.952309 258.182295
6076.955188 239.271042
6076.958105 209.940564
6076.960982 176.338645
6076.963860 143.533346
6076.966778 114.715508
6076.969655 92.030564
6076.972533 74.841709
6076.975451 62.120178
6076.981206 46.911579
6076.984124 42.617437
6076.987000 39.963922
6076.989879 38.619057
6076.992797 38.491605
6076.995673 39.618148
6076.998552 42.149488
6077.001470 46.429060
6077.004346 52.720344
6077.007224 61.546284
6077.010142 73.590739
6077.013019 88.917885
6077.015897 107.721048
6077.018815 129.652441
6077.021692 152.471004
6077.024570 174.096054
6077.027488 192.470060
6077.030365 206.110651
6077.033243 216.140325
6077.036053 224.149071
6077.039037 232.060316
6077.041916 239.163748
6077.044834 245.258945
6077.047710 250.216837
6077.050589 255.045782
6077.056383 264.282396
6077.059262 262.947923
6077.062179 251.710155
6077.065056 229.268851
6077.067934 198.098600
6077.073729 129.627056
6077.076607 100.992412
6077.079525 77.799570
6077.082401 60.397914
6077.085280 47.466271
6077.088197 37.858104
6077.091074 30.889469
6077.093953 25.689090
6077.096870 21.699953
6077.099747 18.664563
6077.102626 16.273517
6077.105543 14.337480
6077.108420 12.789012
6077.111299 11.513893
6077.114216 10.437561
6077.117093 9.538877
6077.119971 8.762129
6077.122889 8.067818
6077.125765 7.453037
6077.128644 6.893084
6077.131562 6.375384
6077.134438 5.911826
6077.137317 5.493185
6077.140234 5.113581
6077.143111 4.779917
6077.145990 4.482158
6077.148907 4.212436
6077.151784 3.973319
6077.154662 3.756866
6077.157580 3.557276
6077.160456 3.377468
6077.163335 3.212141
6077.166252 3.057815
6077.169129 2.917143
6077.172008 2.786618
6077.174925 2.663756
6077.177802 2.550922
6077.180681 2.445520
6077.183598 2.345685
6077.186475 2.253470
6077.192271 2.084424
6077.195149 2.007886
6077.198026 1.935761
6077.200943 1.866759
6077.203821 1.802441
6077.206699 1.741579
6077.209616 1.683162
6077.212494 1.628521
6077.215372 1.576647
6077.218289 1.526698
6077.221167 1.479835
6077.224044 1.435232
6077.226961 1.392150
6077.229840 1.351609
6077.232717 1.312938
6077.235634 1.275494
6077.238512 1.240188
6077.241390 1.206411
6077.244307 1.173647
6077.247185 1.142690
6077.250063 1.113015
6077.252979 1.084185
6077.255858 1.056877
6077.258735 1.030673
6077.261652 1.005156
6077.264530 0.980964
6077.267408 0.957701
6077.270325 0.935024
6077.273203 0.913498
6077.276081 0.892774
6077.277461 0.883112
6077.278998 0.872552
6077.281876 0.853338
6077.284753 0.834833
6077.286134 0.826191
6077.294807 0.775295
6077.303479 0.729838
6077.312152 0.689480
6077.320825 0.654321
6077.329497 0.625484
6077.338170 0.607617
6077.346843 0.617997
6077.355516 0.688725
6077.364188 0.779575
6077.372861 0.744648
6077.381534 0.611409
6077.390207 0.521585
6077.398879 0.491590
6077.407552 0.513130
6077.416225 0.633756
6077.424897 0.864220
6077.433570 1.001198
6077.442243 0.928590
6077.450915 0.752825
6077.459588 0.550291
6077.468261 0.412512
6077.476933 0.349278
6077.485606 0.325194
6077.494279 0.318403
6077.502952 0.298643
6077.511624 0.248450
6077.520297 0.213950
6077.528970 0.221554
6077.537642 0.240839
6077.546315 0.268358
6077.554988 0.308154
6077.563661 0.316021
6077.572333 0.271922
6077.581006 0.226304
6077.589679 0.202617
6077.598351 0.190924
6077.607024 0.183628
6077.615697 0.178452
6077.624369 0.175087
6077.633042 0.174559
6077.641715 0.181031
6077.650388 0.204861
6077.659060 0.247033
6077.667733 0.263532
6077.676406 0.225496
6077.685078 0.179414
6077.702424 0.144141
6077.711096 0.138320
6077.719769 0.134598
6077.728442 0.132157
6077.737115 0.130885
6077.745787 0.131128
6077.754460 0.133984
6077.763133 0.142757
6077.771805 0.168595
6077.780478 0.239212
6077.789151 0.356369
6077.806496 0.318873
6077.815169 0.234775
6077.823842 0.226375
6077.832514 0.256587
6077.841187 0.309925
6077.849860 0.427853
6077.858532 0.507269
6077.867205 0.400986
6077.875878 0.243204
