6076.095197 3.202813
6076.103870 6.315066
6076.112542 6.000731
6076.121215 2.801832
6076.129888 0.914727
6076.138560 0.381380
6076.147233 0.232878
6076.164578 0.153976
6076.173251 0.166043
6076.181924 0.266454
6076.190597 0.539122
6076.199269 0.820483
6076.207942 0.765503
6076.216615 0.494345
6076.225287 0.308362
6076.242633 0.129195
6076.251306 0.125902
6076.259978 0.180365
6076.268651 0.259516
6076.277323 0.255482
6076.285996 0.220806
6076.294669 0.245603
6076.303342 0.306586
6076.312014 0.463880
6076.346705 0.253416
6076.355378 0.203099
6076.364050 0.162678
6076.372723 0.188417
6076.381396 0.263615
6076.390068 0.364954
6076.398741 0.387116
6076.407414 0.265917
6076.416086 0.166553
6076.424759 0.140439
6076.433432 0.147174
6076.442105 0.189242
6076.450777 0.357289
6076.459450 0.738701
6076.468123 0.948221
6076.476795 0.739511
6076.485468 0.568439
6076.494141 0.418522
6076.502814 0.254063
6076.511486 0.184886
6076.520159 0.170358
6076.528832 0.171148
6076.537504 0.182108
6076.546177 0.222123
6076.554850 0.319807
6076.563522 0.395295
6076.572195 0.347941
6076.580868 0.295309
6076.589541 0.288465
6076.598213 0.264945
6076.606886 0.242448
6076.615559 0.240770
6076.624231 0.249010
6076.632904 0.260636
6076.641577 0.274386
6076.650249 0.290331
6076.658922 0.309272
6076.676267 0.377875
6076.684940 0.496655
6076.686332 0.528378
6076.689250 0.605912
6076.692126 0.690422
6076.693613 0.733120
6076.695004 0.769889
6076.697923 0.828953
6076.700799 0.853211
6076.703677 0.840282
6076.706596 0.797010
6076.709472 0.740412
6076.712350 0.687139
6076.715268 0.649675
6076.718144 0.634430
6076.721023 0.638612
6076.723941 0.655151
6076.726817 0.674103
6076.729695 0.687711
6076.732614 0.692041
6076.735490 0.687907
6076.738368 0.679742
6076.741286 0.672431
6076.744163 0.669438
6076.747041 0.671319
6076.749959 0.677081
6076.752835 0.685084
6076.755713 0.694610
6076.758632 0.705896
6076.761508 0.719086
6076.764386 0.734644
6076.767304 0.752701
6076.770181 0.772346
6076.773059 0.793475
6076.775977 0.816369
6076.778853 0.840718
6076.781732 0.867478
6076.784650 0.897878
6076.787526 0.932184
6076.790404 0.972407
6076.793323 1.021429
6076.799077 1.151275
6076.801995 1.234971
6076.807750 1.412911
6076.810668 1.491323
6076.813544 1.550216
6076.816422 1.589454
6076.819341 1.614590
6076.822217 1.634712
6076.825095 1.660358
6076.828013 1.699368
6076.830890 1.753919
6076.833768 1.824600
6076.836686 1.911370
6076.839562 2.010403
6076.842441 2.122289
6076.845359 2.248871
6076.848235 2.387527
6076.851114 2.541670
6076.854032 2.715694
6076.856908 2.907403
6076.859786 3.122608
6076.862705 3.368945
6076.865581 3.644463
6076.868459 3.959253
6076.871236 4.307773
6076.874254 4.747750
6076.877132 5.241256
6076.880050 5.835225
6076.882926 6.539637
6076.885805 7.400926
6076.888723 8.490007
6076.891599 9.861126
6076.894478 11.662286
6076.897396 14.145496
6076.900272 17.600082
6076.903150 22.650344
6076.906069 30.378672
6076.908945 42.007135
6076.911823 59.522063
6076.914741 85.253320
6076.917618 119.458125
6076.920496 161.076496
6076.923414 206.092218
6076.926291 246.034280
6076.929169 274.529078
6076.932087 288.077201
6076.934963 288.275032
6076.937842 282.333290
6076.940760 279.044813
6076.943636 284.501151
6076.946515 297.535797
6076.949433 309.439846
6076.952309 307.867699
6076.955188 285.752023
6076.958105 244.519686
6076.960982 194.672009
6076.963860 146.087965
6076.966778 105.087360
6076.969655 75.052969
6076.972533 54.397966
6076.975451 40.759726
6076.981206 26.883492
6076.984124 23.520981
6076.987000 21.572594
6076.989879 20.629960
6076.992797 20.562279
6076.995673 21.384787
6076.998552 23.250099
6077.001470 26.551661
6077.004346 31.797302
6077.007224 39.950596
6077.010142 52.426426
6077.013019 70.123423
6077.015897 93.848287
6077.018815 123.252170
6077.021692 154.572024
6077.024570 183.427162
6077.027488 205.358558
6077.030365 218.050258
6077.033243 224.520407
6077.036053 229.625800
6077.039037 237.579615
6077.041916 247.893655
6077.044834 258.711343
6077.047710 268.336624
6077.050589 278.243633
6077.056383 304.421700
6077.059262 312.768747
6077.062179 306.388462
6077.065056 280.173271
6077.067934 237.136071
6077.073729 137.285378
6077.076607 97.158296
6077.079525 66.931451
6077.082401 46.420079
6077.085280 32.903139
6077.088197 24.087851
6077.091074 18.454923
6077.093953 14.689643
6077.096870 12.046848
6077.099747 10.166306
6077.102626 8.756238
6077.105543 7.657902
6077.108420 6.809475
6077.111299 6.135690
6077.114216 5.588888
6077.117093 5.147740
6077.119971 4.770943
6077.122889 4.425170
6077.125765 4.099457
6077.128644 3.779819
6077.131562 3.465210
6077.134438 3.173577
6077.137317 2.909321
6077.140234 2.675001
6077.143111 2.476647
6077.145990 2.306768
6077.148907 2.158351
6077.151784 2.030244
6077.154662 1.916267
6077.157580 1.812260
6077.160456 1.719131
6077.163335 1.633814
6077.166252 1.554364
6077.169129 1.482067
6077.172008 1.415075
6077.174925 1.352085
6077.177802 1.294293
6077.180681 1.240353
6077.183598 1.189301
6077.186475 1.142179
6077.192271 1.055875
6077.195149 1.016833
6077.198026 0.980060
6077.200943 0.944896
6077.203821 0.912134
6077.206699 0.881146
6077.209616 0.851415
6077.212494 0.823615
6077.215372 0.797232
6077.218289 0.771838
6077.221167 0.748020
6077.224044 0.725357
6077.226961 0.703474
6077.229840 0.682886
6077.232717 0.663254
6077.235634 0.644249
6077.238512 0.626334
6077.241390 0.609199
6077.244307 0.592581
6077.247185 0.576882
6077.250063 0.561838
6077.252979 0.547224
6077.255858 0.533384
6077.258735 0.520106
6077.261652 0.507178
6077.264530 0.494924
6077.267408 0.483142
6077.270325 0.471659
6077.273203 0.460761
6077.276081 0.450269
6077.277461 0.445378
6077.278998 0.440034
6077.281876 0.430309
6077.284753 0.420945
6077.286134 0.416572
6077.294807 0.390825
6077.303479 0.367839
6077.312152 0.347444
6077.320825 0.329707
6077.329497 0.315291
6077.338170 0.307615
6077.346843 0.326660
6077.355516 0.434484
6077.364188 0.599690
6077.372861 0.563089
6077.381534 0.376342
6077.390207 0.278833
6077.398879 0.253526
6077.407552 0.264733
6077.416225 0.381570
6077.424897 0.703267
6077.433570 0.960072
6077.442243 0.896624
6077.450915 0.686236
6077.459588 0.405407
6077.468261 0.235431
6077.476933 0.181325
6077.485606 0.170675
6077.494279 0.183279
6077.502952 0.179175
6077.511624 0.116505
6077.520297 0.076157
6077.528970 0.097690
6077.537642 0.121513
6077.546315 0.152588
6077.554988 0.218237
6077.563661 0.248335
6077.572333 0.186547
6077.581006 0.125882
6077.589679 0.103737
6077.598351 0.096379
6077.607024 0.092445
6077.615697 0.089750
6077.624369 0.088015
6077.633042 0.087837
6077.641715 0.092780
6077.650388 0.118794
6077.659060 0.185443
6077.667733 0.227598
6077.676406 0.172125
6077.685078 0.105955
6077.702424 0.072946
6077.711096 0.069668
6077.719769 0.067684
6077.728442 0.066398
6077.737115 0.065715
6077.745787 0.065794
6077.754460 0.067191
6077.763133 0.071804
6077.771805 0.088955
6077.780478 0.160111
6077.789151 0.331998
6077.806496 0.295077
6077.815169 0.159549
6077.823842 0.154890
6077.832514 0.199939
6077.841187 0.241387
6077.849860 0.398282
6077.858532 0.566032
6077.867205 0.421752
6077.875878 0.187219
