6076.095197 1.958780
6076.103870 1.985723
6076.112542 1.893730
6076.121215 1.723244
6076.129888 1.530535
6076.138560 1.356849
6076.147233 1.220210
6076.164578 1.059676
6076.173251 1.022427
6076.181924 1.001022
6076.190597 0.984848
6076.199269 0.965844
6076.207942 0.941377
6076.216615 0.914006
6076.225287 0.888518
6076.242633 0.857739
6076.251306 0.854553
6076.259978 0.858005
6076.268651 0.866413
6076.277323 0.879014
6076.285996 0.896036
6076.294669 0.917653
6076.303342 0.942414
6076.312014 0.966195
6076.346705 1.001904
6076.355378 1.011180
6076.364050 1.026447
6076.372723 1.046714
6076.381396 1.069646
6076.390068 1.093166
6076.398741 1.117131
6076.407414 1.143836
6076.416086 1.176805
6076.424759 1.218954
6076.433432 1.271044
6076.442105 1.330280
6076.450777 1.389555
6076.459450 1.439694
6076.468123 1.474826
6076.476795 1.496019
6076.485468 1.509433
6076.494141 1.522292
6076.502814 1.540407
6076.511486 1.567290
6076.520159 1.604329
6076.528832 1.651480
6076.537504 1.707807
6076.546177 1.771502
6076.554850 1.839866
6076.563522 1.910321
6076.572195 1.982059
6076.580868 2.056479
6076.589541 2.136042
6076.598213 2.223028
6076.606886 2.319192
6076.615559 2.425826
6076.624231 2.543991
6076.632904 2.674831
6076.641577 2.819679
6076.650249 2.980164
6076.658922 3.158124
6076.676267 3.570777
6076.684940 3.803914
6076.686332 3.842779
6076.689250 3.925477
6076.692126 4.008606
6076.693613 4.052230
6076.695004 4.093449
6076.697923 4.181304
6076.700799 4.269811
6076.703677 4.360535
6076.706596 4.455020
6076.709472 4.550833
6076.712350 4.649709
6076.715268 4.753323
6076.718144 4.859051
6076.721023 4.968759
6076.723941 5.084193
6076.726817 5.202426
6076.729695 5.325464
6076.732614 5.455390
6076.735490 5.588778
6076.738368 5.727931
6076.741286 5.875171
6076.744163 6.026778
6076.747041 6.185220
6076.749959 6.353207
6076.752835 6.526447
6076.755713 6.707891
6076.758632 6.900681
6076.761508 7.099786
6076.764386 7.308686
6076.767304 7.530964
6076.770181 7.761095
6076.773059 8.002902
6076.775977 8.260672
6076.778853 8.527950
6076.781732 8.809507
6076.784650 9.110105
6076.787526 9.422361
6076.790404 9.751766
6076.793323 10.104308
6076.799077 10.858579
6076.801995 11.273969
6076.807750 12.166017
6076.810668 12.659051
6076.813544 13.174717
6076.816422 13.722808
6076.819341 14.314375
6076.822217 14.935560
6076.825095 15.598812
6076.828013 16.317822
6076.830890 17.076985
6076.833768 17.891139
6076.836686 18.777896
6076.839562 19.718148
6076.842441 20.731716
6076.845359 21.840154
6076.848235 23.020519
6076.851114 24.298254
6076.854032 25.701354
6076.856908 27.201494
6076.859786 28.831010
6076.862705 30.628158
6076.865581 32.555373
6076.868459 34.654879
6076.871236 36.858235
6076.874254 39.468988
6076.877132 42.186959
6076.880050 45.189253
6076.882926 48.409022
6076.885805 51.907336
6076.888723 55.747071
6076.891599 59.829010
6076.894478 64.211432
6076.897396 68.945925
6076.900272 73.878321
6076.903150 79.041283
6076.906069 84.454483
6076.908945 89.889716
6076.911823 95.341436
6076.914741 100.777560
6076.917618 105.935879
6076.920496 110.784573
6076.923414 115.278140
6076.926291 119.207571
6076.929169 122.581394
6076.932087 125.398474
6076.934963 127.565102
6076.937842 129.122511
6076.940760 130.074347
6076.943636 130.394051
6076.946515 130.104604
6076.949433 129.210806
6076.952309 127.784759
6076.955188 125.890258
6076.958105 123.598161
6076.960982 121.091664
6076.963860 118.469104
6076.966778 115.822018
6076.969655 113.340999
6076.972533 111.087877
6076.975451 109.121770
6076.981206 106.431112
6076.984124 105.757018
6076.987000 105.585623
6076.989879 105.923143
6076.992797 106.800306
6076.995673 108.205653
6076.998552 110.160842
6077.001470 112.699687
6077.004346 115.714984
6077.007224 119.152849
6077.010142 122.917154
6077.013019 126.720331
6077.015897 130.443289
6077.018815 134.001754
6077.021692 137.208194
6077.024570 140.040361
6077.027488 142.435255
6077.030365 144.214055
6077.033243 145.302152
6077.036053 145.613110
6077.039037 145.078501
6077.041916 143.706313
6077.044834 141.474994
6077.047710 138.484724
6077.050589 134.755825
6077.056383 125.298146
6077.059262 119.805975
6077.062179 113.852321
6077.065056 107.720206
6077.067934 101.453340
6077.073729 88.907596
6077.076607 82.912530
6077.079525 77.096110
6077.082401 71.670971
6077.085280 66.576220
6077.088197 61.771512
6077.091074 57.386284
6077.093953 53.341309
6077.096870 49.578015
6077.099747 46.177472
6077.102626 43.062435
6077.105543 40.177135
6077.108420 37.575995
6077.111299 35.194641
6077.114216 32.987136
6077.117093 30.993234
6077.119971 29.163401
6077.122889 27.460209
6077.125765 25.916960
6077.128644 24.493865
6077.131562 23.163998
6077.134438 21.953678
6077.137317 20.832647
6077.140234 19.780737
6077.143111 18.818491
6077.145990 17.923681
6077.148907 17.080407
6077.151784 16.305715
6077.154662 15.582536
6077.157580 14.897699
6077.160456 14.266414
6077.163335 13.674334
6077.166252 13.111820
6077.169129 12.590927
6077.172008 12.100726
6077.174925 11.633285
6077.177802 11.198874
6077.180681 10.788642
6077.183598 10.396128
6077.186475 10.030149
6077.192271 9.350682
6077.195149 9.039381
6077.198026 8.743927
6077.200943 8.459356
6077.203821 8.192411
6077.206699 7.938304
6077.209616 7.693020
6077.212494 7.462358
6077.215372 7.242268
6077.218289 7.029327
6077.221167 6.828632
6077.224044 6.636787
6077.226961 6.450717
6077.229840 6.274932
6077.232717 6.106630
6077.235634 5.943085
6077.238512 5.788348
6077.241390 5.639833
6077.244307 5.495320
6077.247185 5.358365
6077.250063 5.226709
6077.252979 5.098446
6077.255858 4.976627
6077.258735 4.859440
6077.261652 4.745040
6077.264530 4.636321
6077.267408 4.531536
6077.270325 4.429161
6077.273203 4.331765
6077.276081 4.237798
6077.277461 4.193914
6077.278998 4.145906
6077.281876 4.058409
6077.284753 3.973957
6077.286134 3.934455
6077.294807 3.700874
6077.303479 3.490481
6077.312152 3.301141
6077.320825 3.131365
6077.329497 2.980127
6077.338170 2.846478
6077.346843 2.728769
6077.355516 2.623367
6077.364188 2.524764
6077.372861 2.428740
6077.381534 2.336274
6077.390207 2.252582
6077.398879 2.181755
6077.407552 2.121984
6077.416225 2.064792
6077.424897 1.999617
6077.433570 1.921256
6077.442243 1.832540
6077.450915 1.740249
6077.459588 1.650556
6077.468261 1.567323
6077.476933 1.491912
6077.485606 1.423717
6077.494279 1.361277
6077.502952 1.303599
6077.511624 1.251192
6077.520297 1.205532
6077.528970 1.167117
6077.537642 1.134244
6077.546315 1.103837
6077.554988 1.073127
6077.563661 1.040883
6077.572333 1.007696
6077.581006 0.975083
6077.589679 0.944367
6077.598351 0.916207
6077.607024 0.890769
6077.615697 0.868025
6077.624369 0.847857
6077.633042 0.829971
6077.641715 0.813675
6077.650388 0.797740
6077.659060 0.780737
6077.667733 0.761893
6077.676406 0.741678
6077.685078 0.721400
6077.702424 0.685182
6077.711096 0.670305
6077.719769 0.657823
6077.728442 0.647910
6077.737115 0.640862
6077.745787 0.637121
6077.754460 0.637123
6077.763133 0.640873
6077.771805 0.647193
6077.780478 0.653196
6077.789151 0.655295
6077.806496 0.645014
6077.815169 0.638626
6077.823842 0.635443
6077.832514 0.635134
6077.841187 0.634092
6077.849860 0.626860
6077.858532 0.609841
6077.867205 0.584534
6077.875878 0.556190
